3204447648
3204447652
3204447644
3204447620
3204447632
3204447628
3204447624
3204447632
3204447628
3204447632
3204447628
3204447636
3204447636
442552
3204447620
3204447636
442552
3204447620
3204447636
3204447628
3204447632
3204447628
3204447632
3204447628
3204447636
3204447636
442520
3204447620
3204447636
442520
3204447620
3204447636
3204447632
3204447632
3204447628
3204447632
3204447628
3204447636
3204447636
442536
3204447620
3204447636
442536
3204447620
3204447636
3204447628
3204447632
3204447628
3204447632
3204447628
3204447636
3204447636
442528
3204447620
3204447632
3204447628
3204447636
442532
3204447624
3204447632
3204447628
3204447624
3204447644
3204447648
