35272
35274
35276
35448
35450
35452
35456
35460
35462
35464
35466
35468
35470
35474
35280
35284
35288
35300
35302
35304
35306
35308
35310
35384
35386
35388
35390
35392
35394
35432
35434
35396
35398
35426
35428
35400
35402
35404
35406
35408
35410
35412
35414
35660
35662
35664
35668
35672
35674
35676
35678
35680
35682
35684
35686
35690
35694
35698
35700
35702
35704
35708
35712
35714
35718
35722
35724
35728
35732
35734
35736
35738
35742
35418
35420
35424
35426
35428
35400
35402
35404
35406
35408
35410
35412
35414
35660
35662
35664
35668
35672
35674
35676
35678
35680
35682
35684
35686
35690
35694
35698
35700
35702
35704
35708
35712
35714
35718
35722
35724
35728
35732
35734
35736
35738
35742
35418
35420
35424
35426
35428
35400
35402
35404
35406
35408
35410
35412
35414
35660
35662
35664
35668
35672
35674
35676
35678
35680
35682
35684
35686
35690
35694
35698
35700
35702
35704
35708
35712
35714
35718
35722
35724
35728
35732
35734
35736
35738
35742
35418
35420
35424
35426
35428
35400
35402
35404
35406
35408
35410
35412
35414
35660
35662
35664
35668
35672
35674
35676
35678
35680
35682
35684
35686
35690
35694
35698
35700
35702
35704
35708
35712
35714
35718
35722
35724
35728
35732
35734
35736
35738
35742
35418
35420
35424
35426
35428
35400
35402
35404
35406
35408
35410
35412
35414
35660
35662
35664
35668
35672
35674
35676
35678
35680
35682
35684
35686
35690
35694
35698
35700
35702
35704
35708
35712
35714
35718
35722
35724
35728
35732
35734
35736
35738
35742
35418
35420
35424
35426
35428
35400
35402
35404
35406
35408
35410
35412
35414
35660
35662
35664
35668
35672
35674
35676
35678
35680
35682
35684
35686
35690
35694
35698
35700
35702
35704
35708
35712
35714
35718
35722
35724
35728
35732
35734
35736
35738
35742
35418
35420
35424
35426
35428
35400
35402
35404
35406
35408
35410
35412
35414
35660
35662
35664
35668
35672
35674
35676
35678
35680
35682
35684
35686
35690
35694
35698
35700
35702
35704
35708
35712
35714
35718
35722
35724
35728
35732
35734
35736
35738
35742
35418
35420
35424
35426
35428
35400
35402
35404
35406
35408
35410
35412
35414
35660
35662
35664
35668
35672
35674
35676
35678
35680
35682
35684
35686
35690
35694
35698
35700
35702
35704
35708
35712
35714
35718
35722
35724
35728
35732
35734
35736
35738
35742
35418
35420
35424
35426
35428
35400
35402
35404
35406
35408
35410
35412
35414
35660
35662
35664
35668
35672
35674
35676
35678
35680
35682
35684
35686
35690
35694
35698
35700
35702
35704
35708
35712
35714
35718
35722
35724
35728
35732
35734
35736
35738
35742
35418
35420
35424
35426
35428
35400
35402
35404
35406
35408
35410
35412
35414
35660
35662
35664
35668
35672
35674
35676
35678
35680
35682
35684
35686
35690
35694
35698
35700
35702
35704
35708
35712
35714
35718
35722
35724
35728
35732
35734
35736
35738
35742
35418
35420
35424
35426
35428
35430
35432
35434
35396
35398
35426
35428
35400
35402
35404
35406
35408
35410
35412
35414
35660
35662
35664
35668
35672
35674
35676
35678
35680
35682
35684
35686
35690
35694
35698
35700
35702
35704
35708
35712
35714
35718
35722
35724
35728
35732
35734
35736
35738
35742
35418
35420
35424
35426
35428
35400
35402
35404
35406
35408
35410
35412
35414
35660
35662
35664
35668
35672
35674
35676
35678
35680
35682
35684
35686
35690
35694
35698
35700
35702
35704
35708
35712
35714
35718
35722
35724
35728
35732
35734
35736
35738
35742
35418
35420
35424
35426
35428
35400
35402
35404
35406
35408
35410
35412
35414
35660
35662
35664
35668
35672
35674
35676
35678
35680
35682
35684
35686
35690
35694
35698
35700
35702
35704
35708
35712
35714
35718
35722
35724
35728
35732
35734
35736
35738
35742
35418
35420
35424
35426
35428
35400
35402
35404
35406
35408
35410
35412
35414
35660
35662
35664
35668
35672
35674
35676
35678
35680
35682
35684
35686
35690
35694
35698
35700
35702
35704
35708
35712
35714
35718
35722
35724
35728
35732
35734
35736
35738
35742
35418
35420
35424
35426
35428
35400
35402
35404
35406
35408
35410
35412
35414
35660
35662
35664
35668
35672
35674
35676
35678
35680
35682
35684
35686
35690
35694
35698
35700
35702
35704
35708
35712
35714
35718
35722
35724
35728
35732
35734
35736
35738
35742
35418
35420
35424
35426
35428
35400
35402
35404
35406
35408
35410
35412
35414
35660
35662
35664
35668
35672
35674
35676
35678
35680
35682
35684
35686
35690
35694
35698
35700
35702
35704
35708
35712
35714
35718
35722
35724
35728
35732
35734
35736
35738
35742
35418
35420
35424
35426
35428
35400
35402
35404
35406
35408
35410
35412
35414
35660
35662
35664
35668
35672
35674
35676
35678
35680
35682
35684
35686
35690
35694
35698
35700
35702
35704
35708
35712
35714
35718
35722
35724
35728
35732
35734
35736
35738
35742
35418
35420
35424
35426
35428
35400
35402
35404
35406
35408
35410
35412
35414
35660
35662
35664
35668
35672
35674
35676
35678
35680
35682
35684
35686
35690
35694
35698
35700
35702
35704
35708
35712
35714
35718
35722
35724
35728
35732
35734
35736
35738
35742
35418
35420
35424
35426
35428
35400
35402
35404
35406
35408
35410
35412
35414
35660
35662
35664
35668
35672
35674
35676
35678
35680
35682
35684
35686
35690
35694
35698
35700
35702
35704
35708
35712
35714
35718
35722
35724
35728
35732
35734
35736
35738
35742
35418
35420
35424
35426
35428
35400
35402
35404
35406
35408
35410
35412
35414
35660
35662
35664
35668
35672
35674
35676
35678
35680
35682
35684
35686
35690
35694
35698
35700
35702
35704
35708
35712
35714
35718
35722
35724
35728
35732
35734
35736
35738
35742
35418
35420
35424
35426
35428
35430
35432
35434
35396
35398
35426
35428
35400
35402
35404
35406
35408
35410
35412
35414
35660
35662
35664
35668
35672
35674
35676
35678
35680
35682
35684
35686
35690
35694
35698
35700
35702
35704
35708
35712
35714
35718
35722
35724
35728
35732
35734
35736
35738
35742
35418
35420
35424
35426
35428
35400
35402
35404
35406
35408
35410
35412
35414
35660
35662
35664
35668
35672
35674
35676
35678
35680
35682
35684
35686
35690
35694
35698
35700
35702
35704
35708
35712
35714
35718
35722
35724
35728
35732
35734
35736
35738
35742
35418
35420
35424
35426
35428
35400
35402
35404
35406
35408
35410
35412
35414
35660
35662
35664
35668
35672
35674
35676
35678
35680
35682
35684
35686
35690
35694
35698
35700
35702
35704
35708
35712
35714
35718
35722
35724
35728
35732
35734
35736
35738
35742
35418
35420
35424
35426
35428
35400
35402
35404
35406
35408
35410
35412
35414
35660
35662
35664
35668
35672
35674
35676
35678
35680
35682
35684
35686
35690
35694
35698
35700
35702
35704
35708
35712
35714
35718
35722
35724
35728
35732
35734
35736
35738
35742
35418
35420
35424
35426
35428
35400
35402
35404
35406
35408
35410
35412
35414
35660
35662
35664
35668
35672
35674
35676
35678
35680
35682
35684
35686
35690
35694
35698
35700
35702
35704
35708
35712
35714
35718
35722
35724
35728
35732
35734
35736
35738
35742
35418
35420
35424
35426
35428
35400
35402
35404
35406
35408
35410
35412
35414
35660
35662
35664
35668
35672
35674
35676
35678
35680
35682
35684
35686
35690
35694
35698
35700
35702
35704
35708
35712
35714
35718
35722
35724
35728
35732
35734
35736
35738
35742
35418
35420
35424
35426
35428
35400
35402
35404
35406
35408
35410
35412
35414
35660
35662
35664
35668
35672
35674
35676
35678
35680
35682
35684
35686
35690
35694
35698
35700
35702
35704
35708
35712
35714
35718
35722
35724
35728
35732
35734
35736
35738
35742
35418
35420
35424
35426
35428
35400
35402
35404
35406
35408
35410
35412
35414
35660
35662
35664
35668
35672
35674
35676
35678
35680
35682
35684
35686
35690
35694
35698
35700
35702
35704
35708
35712
35714
35718
35722
35724
35728
35732
35734
35736
35738
35742
35418
35420
35424
35426
35428
35400
35402
35404
35406
35408
35410
35412
35414
35660
35662
35664
35668
35672
35674
35676
35678
35680
35682
35684
35686
35690
35694
35698
35700
35702
35704
35708
35712
35714
35718
35722
35724
35728
35732
35734
35736
35738
35742
35418
35420
35424
35426
35428
35400
35402
35404
35406
35408
35410
35412
35414
35660
35662
35664
35668
35672
35674
35676
35678
35680
35682
35684
35686
35690
35694
35698
35700
35702
35704
35708
35712
35714
35718
35722
35724
35728
35732
35734
35736
35738
35742
35418
35420
35424
35426
35428
35430
35432
35434
35396
35398
35426
35428
35400
35402
35404
35406
35408
35410
35412
35414
35660
35662
35664
35668
35672
35674
35676
35678
35680
35682
35684
35686
35690
35694
35698
35700
35702
35704
35708
35712
35714
35718
35722
35724
35728
35732
35734
35736
35738
35742
35418
35420
35424
35426
35428
35400
35402
35404
35406
35408
35410
35412
35414
35660
35662
35664
35668
35672
35674
35676
35678
35680
35682
35684
35686
35690
35694
35698
35700
35702
35704
35708
35712
35714
35718
35722
35724
35728
35732
35734
35736
35738
35742
35418
35420
35424
35426
35428
35400
35402
35404
35406
35408
35410
35412
35414
35660
35662
35664
35668
35672
35674
35676
35678
35680
35682
35684
35686
35690
35694
35698
35700
35702
35704
35708
35712
35714
35718
35722
35724
35728
35732
35734
35736
35738
35742
35418
35420
35424
35426
35428
35400
35402
35404
35406
35408
35410
35412
35414
35660
35662
35664
35668
35672
35674
35676
35678
35680
35682
35684
35686
35690
35694
35698
35700
35702
35704
35708
35712
35714
35718
35722
35724
35728
35732
35734
35736
35738
35742
35418
35420
35424
35426
35428
35400
35402
35404
35406
35408
35410
35412
35414
35660
35662
35664
35668
35672
35674
35676
35678
35680
35682
35684
35686
35690
35694
35698
35700
35702
35704
35708
35712
35714
35718
35722
35724
35728
35732
35734
35736
35738
35742
35418
35420
35424
35426
35428
35400
35402
35404
35406
35408
35410
35412
35414
35660
35662
35664
35668
35672
35674
35676
35678
35680
35682
35684
35686
35690
35694
35698
35700
35702
35704
35708
35712
35714
35718
35722
35724
35728
35732
35734
35736
35738
35742
35418
35420
35424
35426
35428
35400
35402
35404
35406
35408
35410
35412
35414
35660
35662
35664
35668
35672
35674
35676
35678
35680
35682
35684
35686
35690
35694
35698
35700
35702
35704
35708
35712
35714
35718
35722
35724
35728
35732
35734
35736
35738
35742
35418
35420
35424
35426
35428
35400
35402
35404
35406
35408
35410
35412
35414
35660
35662
35664
35668
35672
35674
35676
35678
35680
35682
35684
35686
35690
35694
35698
35700
35702
35704
35708
35712
35714
35718
35722
35724
35728
35732
35734
35736
35738
35742
35418
35420
35424
35426
35428
35400
35402
35404
35406
35408
35410
35412
35414
35660
35662
35664
35668
35672
35674
35676
35678
35680
35682
35684
35686
35690
35694
35698
35700
35702
35704
35708
35712
35714
35718
35722
35724
35728
35732
35734
35736
35738
35742
35418
35420
35424
35426
35428
35400
35402
35404
35406
35408
35410
35412
35414
35660
35662
35664
35668
35672
35674
35676
35678
35680
35682
35684
35686
35690
35694
35698
35700
35702
35704
35708
35712
35714
35718
35722
35724
35728
35732
35734
35736
35738
35742
35418
35420
35424
35426
35428
35430
35432
35434
35396
35398
35426
35428
35400
35402
35404
35406
35408
35410
35412
35414
35660
35662
35664
35668
35672
35674
35676
35678
35680
35682
35684
35686
35690
35694
35698
35700
35702
35704
35708
35712
35714
35718
35722
35724
35728
35732
35734
35736
35738
35742
35418
35420
35424
35426
35428
35400
35402
35404
35406
35408
35410
35412
35414
35660
35662
35664
35668
35672
35674
35676
35678
35680
35682
35684
35686
35690
35694
35698
35700
35702
35704
35708
35712
35714
35718
35722
35724
35728
35732
35734
35736
35738
35742
35418
35420
35424
35426
35428
35400
35402
35404
35406
35408
35410
35412
35414
35660
35662
35664
35668
35672
35674
35676
35678
35680
35682
35684
35686
35690
35694
35698
35700
35702
35704
35708
35712
35714
35718
35722
35724
35728
35732
35734
35736
35738
35742
35418
35420
35424
35426
35428
35400
35402
35404
35406
35408
35410
35412
35414
35660
35662
35664
35668
35672
35674
35676
35678
35680
35682
35684
35686
35690
35694
35698
35700
35702
35704
35708
35712
35714
35718
35722
35724
35728
35732
35734
35736
35738
35742
35418
35420
35424
35426
35428
35400
35402
35404
35406
35408
35410
35412
35414
35660
35662
35664
35668
35672
35674
35676
35678
35680
35682
35684
35686
35690
35694
35698
35700
35702
35704
35708
35712
35714
35718
35722
35724
35728
35732
35734
35736
35738
35742
35418
35420
35424
35426
35428
35400
35402
35404
35406
35408
35410
35412
35414
35660
35662
35664
35668
35672
35674
35676
35678
35680
35682
35684
35686
35690
35694
35698
35700
35702
35704
35708
35712
35714
35718
35722
35724
35728
35732
35734
35736
35738
35742
35418
35420
35424
35426
35428
35400
35402
35404
35406
35408
35410
35412
35414
35660
35662
35664
35668
35672
35674
35676
35678
35680
35682
35684
35686
35690
35694
35698
35700
35702
35704
35708
35712
35714
35718
35722
35724
35728
35732
35734
35736
35738
35742
35418
35420
35424
35426
35428
35400
35402
35404
35406
35408
35410
35412
35414
35660
35662
35664
35668
35672
35674
35676
35678
35680
35682
35684
35686
35690
35694
35698
35700
35702
35704
35708
35712
35714
35718
35722
35724
35728
35732
35734
35736
35738
35742
35418
35420
35424
35426
35428
35400
35402
35404
35406
35408
35410
35412
35414
35660
35662
35664
35668
35672
35674
35676
35678
35680
35682
35684
35686
35690
35694
35698
35700
35702
35704
35708
35712
35714
35718
35722
35724
35728
35732
35734
35736
35738
35742
35418
35420
35424
35426
35428
35400
35402
35404
35406
35408
35410
35412
35414
35660
35662
35664
35668
35672
35674
35676
35678
35680
35682
35684
35686
35690
35694
35698
35700
35702
35704
35708
35712
35714
35718
35722
35724
35728
35732
35734
35736
35738
35742
35418
35420
35424
35426
35428
35430
35432
35434
35396
35398
35426
35428
35400
35402
35404
35406
35408
35410
35412
35414
35660
35662
35664
35668
35672
35674
35676
35678
35680
35682
35684
35686
35690
35694
35698
35700
35702
35704
35708
35712
35714
35718
35722
35724
35728
35732
35734
35736
35738
35742
35418
35420
35424
35426
35428
35400
35402
35404
35406
35408
35410
35412
35414
35660
35662
35664
35668
35672
35674
35676
35678
35680
35682
35684
35686
35690
35694
35698
35700
35702
35704
35708
35712
35714
35718
35722
35724
35728
35732
35734
35736
35738
35742
35418
35420
35424
35426
35428
35400
35402
35404
35406
35408
35410
35412
35414
35660
35662
35664
35668
35672
35674
35676
35678
35680
35682
35684
35686
35690
35694
35698
35700
35702
35704
35708
35712
35714
35718
35722
35724
35728
35732
35734
35736
35738
35742
35418
35420
35424
35426
35428
35400
35402
35404
35406
35408
35410
35412
35414
35660
35662
35664
35668
35672
35674
35676
35678
35680
35682
35684
35686
35690
35694
35698
35700
35702
35704
35708
35712
35714
35718
35722
35724
35728
35732
35734
35736
35738
35742
35418
35420
35424
35426
35428
35400
35402
35404
35406
35408
35410
35412
35414
35660
35662
35664
35668
35672
35674
35676
35678
35680
35682
35684
35686
35690
35694
35698
35700
35702
35704
35708
35712
35714
35718
35722
35724
35728
35732
35734
35736
35738
35742
35418
35420
35424
35426
35428
35400
35402
35404
35406
35408
35410
35412
35414
35660
35662
35664
35668
35672
35674
35676
35678
35680
35682
35684
35686
35690
35694
35698
35700
35702
35704
35708
35712
35714
35718
35722
35724
35728
35732
35734
35736
35738
35742
35418
35420
35424
35426
35428
35400
35402
35404
35406
35408
35410
35412
35414
35660
35662
35664
35668
35672
35674
35676
35678
35680
35682
35684
35686
35690
35694
35698
35700
35702
35704
35708
35712
35714
35718
35722
35724
35728
35732
35734
35736
35738
35742
35418
35420
35424
35426
35428
35400
35402
35404
35406
35408
35410
35412
35414
35660
35662
35664
35668
35672
35674
35676
35678
35680
35682
35684
35686
35690
35694
35698
35700
35702
35704
35708
35712
35714
35718
35722
35724
35728
35732
35734
35736
35738
35742
35418
35420
35424
35426
35428
35400
35402
35404
35406
35408
35410
35412
35414
35660
35662
35664
35668
35672
35674
35676
35678
35680
35682
35684
35686
35690
35694
35698
35700
35702
35704
35708
35712
35714
35718
35722
35724
35728
35732
35734
35736
35738
35742
35418
35420
35424
35426
35428
35400
35402
35404
35406
35408
35410
35412
35414
35660
35662
35664
35668
35672
35674
35676
35678
35680
35682
35684
35686
35690
35694
35698
35700
35702
35704
35708
35712
35714
35718
35722
35724
35728
35732
35734
35736
35738
35742
35418
35420
35424
35426
35428
35430
35432
35434
35396
35398
35426
35428
35400
35402
35404
35406
35408
35410
35412
35414
35660
35662
35664
35668
35672
35674
35676
35678
35680
35682
35684
35686
35690
35694
35698
35700
35702
35704
35708
35712
35714
35718
35722
35724
35728
35732
35734
35736
35738
35742
35418
35420
35424
35426
35428
35400
35402
35404
35406
35408
35410
35412
35414
35660
35662
35664
35668
35672
35674
35676
35678
35680
35682
35684
35686
35690
35694
35698
35700
35702
35704
35708
35712
35714
35718
35722
35724
35728
35732
35734
35736
35738
35742
35418
35420
35424
35426
35428
35400
35402
35404
35406
35408
35410
35412
35414
35660
35662
35664
35668
35672
35674
35676
35678
35680
35682
35684
35686
35690
35694
35698
35700
35702
35704
35708
35712
35714
35718
35722
35724
35728
35732
35734
35736
35738
35742
35418
35420
35424
35426
35428
35400
35402
35404
35406
35408
35410
35412
35414
35660
35662
35664
35668
35672
35674
35676
35678
35680
35682
35684
35686
35690
35694
35698
35700
35702
35704
35708
35712
35714
35718
35722
35724
35728
35732
35734
35736
35738
35742
35418
35420
35424
35426
35428
35400
35402
35404
35406
35408
35410
35412
35414
35660
35662
35664
35668
35672
35674
35676
35678
35680
35682
35684
35686
35690
35694
35698
35700
35702
35704
35708
35712
35714
35718
35722
35724
35728
35732
35734
35736
35738
35742
35418
35420
35424
35426
35428
35400
35402
35404
35406
35408
35410
35412
35414
35660
35662
35664
35668
35672
35674
35676
35678
35680
35682
35684
35686
35690
35694
35698
35700
35702
35704
35708
35712
35714
35718
35722
35724
35728
35732
35734
35736
35738
35742
35418
35420
35424
35426
35428
35400
35402
35404
35406
35408
35410
35412
35414
35660
35662
35664
35668
35672
35674
35676
35678
35680
35682
35684
35686
35690
35694
35698
35700
35702
35704
35708
35712
35714
35718
35722
35724
35728
35732
35734
35736
35738
35742
35418
35420
35424
35426
35428
35400
35402
35404
35406
35408
35410
35412
35414
35660
35662
35664
35668
35672
35674
35676
35678
35680
35682
35684
35686
35690
35694
35698
35700
35702
35704
35708
35712
35714
35718
35722
35724
35728
35732
35734
35736
35738
35742
35418
35420
35424
35426
35428
35400
35402
35404
35406
35408
35410
35412
35414
35660
35662
35664
35668
35672
35674
35676
35678
35680
35682
35684
35686
35690
35694
35698
35700
35702
35704
35708
35712
35714
35718
35722
35724
35728
35732
35734
35736
35738
35742
35418
35420
35424
35426
35428
35400
35402
35404
35406
35408
35410
35412
35414
35660
35662
35664
35668
35672
35674
35676
35678
35680
35682
35684
35686
35690
35694
35698
35700
35702
35704
35708
35712
35714
35718
35722
35724
35728
35732
35734
35736
35738
35742
35418
35420
35424
35426
35428
35430
35432
35434
35396
35398
35426
35428
35400
35402
35404
35406
35408
35410
35412
35414
35660
35662
35664
35668
35672
35674
35676
35678
35680
35682
35684
35686
35690
35694
35698
35700
35702
35704
35708
35712
35714
35718
35722
35724
35728
35732
35734
35736
35738
35742
35418
35420
35424
35426
35428
35400
35402
35404
35406
35408
35410
35412
35414
35660
35662
35664
35668
35672
35674
35676
35678
35680
35682
35684
35686
35690
35694
35698
35700
35702
35704
35708
35712
35714
35718
35722
35724
35728
35732
35734
35736
35738
35742
35418
35420
35424
35426
35428
35400
35402
35404
35406
35408
35410
35412
35414
35660
35662
35664
35668
35672
35674
35676
35678
35680
35682
35684
35686
35690
35694
35698
35700
35702
35704
35708
35712
35714
35718
35722
35724
35728
35732
35734
35736
35738
35742
35418
35420
35424
35426
35428
35400
35402
35404
35406
35408
35410
35412
35414
35660
35662
35664
35668
35672
35674
35676
35678
35680
35682
35684
35686
35690
35694
35698
35700
35702
35704
35708
35712
35714
35718
35722
35724
35728
35732
35734
35736
35738
35742
35418
35420
35424
35426
35428
35400
35402
35404
35406
35408
35410
35412
35414
35660
35662
35664
35668
35672
35674
35676
35678
35680
35682
35684
35686
35690
35694
35698
35700
35702
35704
35708
35712
35714
35718
35722
35724
35728
35732
35734
35736
35738
35742
35418
35420
35424
35426
35428
35400
35402
35404
35406
35408
35410
35412
35414
35660
35662
35664
35668
35672
35674
35676
35678
35680
35682
35684
35686
35690
35694
35698
35700
35702
35704
35708
35712
35714
35718
35722
35724
35728
35732
35734
35736
35738
35742
35418
35420
35424
35426
35428
35400
35402
35404
35406
35408
35410
35412
35414
35660
35662
35664
35668
35672
35674
35676
35678
35680
35682
35684
35686
35690
35694
35698
35700
35702
35704
35708
35712
35714
35718
35722
35724
35728
35732
35734
35736
35738
35742
35418
35420
35424
35426
35428
35400
35402
35404
35406
35408
35410
35412
35414
35660
35662
35664
35668
35672
35674
35676
35678
35680
35682
35684
35686
35690
35694
35698
35700
35702
35704
35708
35712
35714
35718
35722
35724
35728
35732
35734
35736
35738
35742
35418
35420
35424
35426
35428
35400
35402
35404
35406
35408
35410
35412
35414
35660
35662
35664
35668
35672
35674
35676
35678
35680
35682
35684
35686
35690
35694
35698
35700
35702
35704
35708
35712
35714
35718
35722
35724
35728
35732
35734
35736
35738
35742
35418
35420
35424
35426
35428
35400
35402
35404
35406
35408
35410
35412
35414
35660
35662
35664
35668
35672
35674
35676
35678
35680
35682
35684
35686
35690
35694
35698
35700
35702
35704
35708
35712
35714
35718
35722
35724
35728
35732
35734
35736
35738
35742
35418
35420
35424
35426
35428
35430
35432
35434
35396
35398
35426
35428
35400
35402
35404
35406
35408
35410
35412
35414
35660
35662
35664
35668
35672
35674
35676
35678
35680
35682
35684
35686
35690
35694
35698
35700
35702
35704
35708
35712
35714
35718
35722
35724
35728
35732
35734
35736
35738
35742
35418
35420
35424
35426
35428
35400
35402
35404
35406
35408
35410
35412
35414
35660
35662
35664
35668
35672
35674
35676
35678
35680
35682
35684
35686
35690
35694
35698
35700
35702
35704
35708
35712
35714
35718
35722
35724
35728
35732
35734
35736
35738
35742
35418
35420
35424
35426
35428
35400
35402
35404
35406
35408
35410
35412
35414
35660
35662
35664
35668
35672
35674
35676
35678
35680
35682
35684
35686
35690
35694
35698
35700
35702
35704
35708
35712
35714
35718
35722
35724
35728
35732
35734
35736
35738
35742
35418
35420
35424
35426
35428
35400
35402
35404
35406
35408
35410
35412
35414
35660
35662
35664
35668
35672
35674
35676
35678
35680
35682
35684
35686
35690
35694
35698
35700
35702
35704
35708
35712
35714
35718
35722
35724
35728
35732
35734
35736
35738
35742
35418
35420
35424
35426
35428
35400
35402
35404
35406
35408
35410
35412
35414
35660
35662
35664
35668
35672
35674
35676
35678
35680
35682
35684
35686
35690
35694
35698
35700
35702
35704
35708
35712
35714
35718
35722
35724
35728
35732
35734
35736
35738
35742
35418
35420
35424
35426
35428
35400
35402
35404
35406
35408
35410
35412
35414
35660
35662
35664
35668
35672
35674
35676
35678
35680
35682
35684
35686
35690
35694
35698
35700
35702
35704
35708
35712
35714
35718
35722
35724
35728
35732
35734
35736
35738
35742
35418
35420
35424
35426
35428
35400
35402
35404
35406
35408
35410
35412
35414
35660
35662
35664
35668
35672
35674
35676
35678
35680
35682
35684
35686
35690
35694
35698
35700
35702
35704
35708
35712
35714
35718
35722
35724
35728
35732
35734
35736
35738
35742
35418
35420
35424
35426
35428
35400
35402
35404
35406
35408
35410
35412
35414
35660
35662
35664
35668
35672
35674
35676
35678
35680
35682
35684
35686
35690
35694
35698
35700
35702
35704
35708
35712
35714
35718
35722
35724
35728
35732
35734
35736
35738
35742
35418
35420
35424
35426
35428
35400
35402
35404
35406
35408
35410
35412
35414
35660
35662
35664
35668
35672
35674
35676
35678
35680
35682
35684
35686
35690
35694
35698
35700
35702
35704
35708
35712
35714
35718
35722
35724
35728
35732
35734
35736
35738
35742
35418
35420
35424
35426
35428
35400
35402
35404
35406
35408
35410
35412
35414
35660
35662
35664
35668
35672
35674
35676
35678
35680
35682
35684
35686
35690
35694
35698
35700
35702
35704
35708
35712
35714
35718
35722
35724
35728
35732
35734
35736
35738
35742
35418
35420
35424
35426
35428
35430
35432
35434
35396
35398
35426
35428
35400
35402
35404
35406
35408
35410
35412
35414
35660
35662
35664
35668
35672
35674
35676
35678
35680
35682
35684
35686
35690
35694
35698
35700
35702
35704
35708
35712
35714
35718
35722
35724
35728
35732
35734
35736
35738
35742
35418
35420
35424
35426
35428
35400
35402
35404
35406
35408
35410
35412
35414
35660
35662
35664
35668
35672
35674
35676
35678
35680
35682
35684
35686
35690
35694
35698
35700
35702
35704
35708
35712
35714
35718
35722
35724
35728
35732
35734
35736
35738
35742
35418
35420
35424
35426
35428
35400
35402
35404
35406
35408
35410
35412
35414
35660
35662
35664
35668
35672
35674
35676
35678
35680
35682
35684
35686
35690
35694
35698
35700
35702
35704
35708
35712
35714
35718
35722
35724
35728
35732
35734
35736
35738
35742
35418
35420
35424
35426
35428
35400
35402
35404
35406
35408
35410
35412
35414
35660
35662
35664
35668
35672
35674
35676
35678
35680
35682
35684
35686
35690
35694
35698
35700
35702
35704
35708
35712
35714
35718
35722
35724
35728
35732
35734
35736
35738
35742
35418
35420
35424
35426
35428
35400
35402
35404
35406
35408
35410
35412
35414
35660
35662
35664
35668
35672
35674
35676
35678
35680
35682
35684
35686
35690
35694
35698
35700
35702
35704
35708
35712
35714
35718
35722
35724
35728
35732
35734
35736
35738
35742
35418
35420
35424
35426
35428
35400
35402
35404
35406
35408
35410
35412
35414
35660
35662
35664
35668
35672
35674
35676
35678
35680
35682
35684
35686
35690
35694
35698
35700
35702
35704
35708
35712
35714
35718
35722
35724
35728
35732
35734
35736
35738
35742
35418
35420
35424
35426
35428
35400
35402
35404
35406
35408
35410
35412
35414
35660
35662
35664
35668
35672
35674
35676
35678
35680
35682
35684
35686
35690
35694
35698
35700
35702
35704
35708
35712
35714
35718
35722
35724
35728
35732
35734
35736
35738
35742
35418
35420
35424
35426
35428
35400
35402
35404
35406
35408
35410
35412
35414
35660
35662
35664
35668
35672
35674
35676
35678
35680
35682
35684
35686
35690
35694
35698
35700
35702
35704
35708
35712
35714
35718
35722
35724
35728
35732
35734
35736
35738
35742
35418
35420
35424
35426
35428
35400
35402
35404
35406
35408
35410
35412
35414
35660
35662
35664
35668
35672
35674
35676
35678
35680
35682
35684
35686
35690
35694
35698
35700
35702
35704
35708
35712
35714
35718
35722
35724
35728
35732
35734
35736
35738
35742
35418
35420
35424
35426
35428
35400
35402
35404
35406
35408
35410
35412
35414
35660
35662
35664
35668
35672
35674
35676
35678
35680
35682
35684
35686
35690
35694
35698
35700
35702
35704
35708
35712
35714
35718
35722
35724
35728
35732
35734
35736
35738
35742
35418
35420
35424
35426
35428
35430
35432
35434
35436
35438
35440
35442
35444
35314
35318
35320
35322
35476
35478
35480
35482
35484
35486
35488
35490
35492
35494
35496
35498
35500
35502
35600
35602
35504
35506
35594
35596
35508
35510
35512
35514
35516
35518
35520
35522
35526
35528
35562
35564
35566
35568
35570
35572
35574
35576
35580
35582
35584
35586
35588
35590
35592
35594
35596
35508
35510
35512
35514
35516
35518
35520
35522
35526
35528
35562
35564
35566
35568
35570
35572
35574
35576
35580
35582
35584
35586
35588
35590
35592
35594
35596
35508
35510
35512
35514
35516
35518
35520
35522
35526
35528
35562
35564
35566
35568
35570
35572
35574
35576
35580
35582
35584
35586
35588
35590
35592
35594
35596
35508
35510
35512
35514
35516
35518
35520
35522
35526
35528
35562
35564
35566
35568
35570
35572
35574
35576
35580
35582
35584
35586
35588
35590
35592
35594
35596
35508
35510
35512
35514
35516
35518
35520
35522
35526
35528
35562
35564
35566
35568
35570
35572
35574
35576
35580
35582
35584
35586
35588
35590
35592
35594
35596
35508
35510
35512
35514
35516
35518
35520
35522
35526
35528
35562
35564
35566
35568
35570
35572
35574
35576
35580
35582
35584
35586
35588
35590
35592
35594
35596
35508
35510
35512
35514
35516
35518
35520
35522
35526
35528
35562
35564
35566
35568
35570
35572
35574
35576
35580
35582
35584
35586
35588
35590
35592
35594
35596
35508
35510
35512
35514
35516
35518
35520
35522
35526
35528
35562
35564
35566
35568
35570
35572
35574
35576
35580
35582
35584
35586
35588
35590
35592
35594
35596
35508
35510
35512
35514
35516
35518
35520
35522
35526
35528
35562
35564
35566
35568
35570
35572
35574
35576
35580
35582
35584
35586
35588
35590
35592
35594
35596
35508
35510
35512
35514
35516
35518
35520
35522
35526
35528
35562
35564
35566
35568
35570
35572
35574
35576
35580
35582
35584
35586
35588
35590
35592
35594
35596
35598
35600
35602
35504
35506
35594
35596
35508
35510
35512
35514
35516
35518
35520
35522
35526
35528
35562
35564
35566
35568
35570
35572
35574
35576
35580
35582
35584
35586
35588
35590
35592
35594
35596
35508
35510
35512
35514
35516
35518
35520
35522
35526
35528
35562
35564
35566
35568
35570
35572
35574
35576
35580
35582
35584
35586
35588
35590
35592
35594
35596
35508
35510
35512
35514
35516
35518
35520
35522
35526
35528
35562
35564
35566
35568
35570
35572
35574
35576
35580
35582
35584
35586
35588
35590
35592
35594
35596
35508
35510
35512
35514
35516
35518
35520
35522
35526
35528
35562
35564
35566
35568
35570
35572
35574
35576
35580
35582
35584
35586
35588
35590
35592
35594
35596
35508
35510
35512
35514
35516
35518
35520
35522
35526
35528
35562
35564
35566
35568
35570
35572
35574
35576
35580
35582
35584
35586
35588
35590
35592
35594
35596
35508
35510
35512
35514
35516
35518
35520
35522
35526
35528
35562
35564
35566
35568
35570
35572
35574
35576
35580
35582
35584
35586
35588
35590
35592
35594
35596
35508
35510
35512
35514
35516
35518
35520
35522
35526
35528
35562
35564
35566
35568
35570
35572
35574
35576
35580
35582
35584
35586
35588
35590
35592
35594
35596
35508
35510
35512
35514
35516
35518
35520
35522
35526
35528
35562
35564
35566
35568
35570
35572
35574
35576
35580
35582
35584
35586
35588
35590
35592
35594
35596
35508
35510
35512
35514
35516
35518
35520
35522
35526
35528
35562
35564
35566
35568
35570
35572
35574
35576
35580
35582
35584
35586
35588
35590
35592
35594
35596
35508
35510
35512
35514
35516
35518
35520
35522
35526
35528
35562
35564
35566
35568
35570
35572
35574
35576
35580
35582
35584
35586
35588
35590
35592
35594
35596
35598
35600
35602
35504
35506
35594
35596
35508
35510
35512
35514
35516
35518
35520
35522
35526
35528
35562
35564
35566
35568
35570
35572
35574
35576
35580
35582
35584
35586
35588
35590
35592
35594
35596
35508
35510
35512
35514
35516
35518
35520
35522
35526
35528
35562
35564
35566
35568
35570
35572
35574
35576
35580
35582
35584
35586
35588
35590
35592
35594
35596
35508
35510
35512
35514
35516
35518
35520
35522
35526
35528
35562
35564
35566
35568
35570
35572
35574
35576
35580
35582
35584
35586
35588
35590
35592
35594
35596
35508
35510
35512
35514
35516
35518
35520
35522
35526
35528
35562
35564
35566
35568
35570
35572
35574
35576
35580
35582
35584
35586
35588
35590
35592
35594
35596
35508
35510
35512
35514
35516
35518
35520
35522
35526
35528
35562
35564
35566
35568
35570
35572
35574
35576
35580
35582
35584
35586
35588
35590
35592
35594
35596
35508
35510
35512
35514
35516
35518
35520
35522
35526
35528
35562
35564
35566
35568
35570
35572
35574
35576
35580
35582
35584
35586
35588
35590
35592
35594
35596
35508
35510
35512
35514
35516
35518
35520
35522
35526
35528
35562
35564
35566
35568
35570
35572
35574
35576
35580
35582
35584
35586
35588
35590
35592
35594
35596
35508
35510
35512
35514
35516
35518
35520
35522
35526
35528
35562
35564
35566
35568
35570
35572
35574
35576
35580
35582
35584
35586
35588
35590
35592
35594
35596
35508
35510
35512
35514
35516
35518
35520
35522
35526
35528
35562
35564
35566
35568
35570
35572
35574
35576
35580
35582
35584
35586
35588
35590
35592
35594
35596
35508
35510
35512
35514
35516
35518
35520
35522
35526
35528
35562
35564
35566
35568
35570
35572
35574
35576
35580
35582
35584
35586
35588
35590
35592
35594
35596
35598
35600
35602
35504
35506
35594
35596
35508
35510
35512
35514
35516
35518
35520
35522
35526
35528
35562
35564
35566
35568
35570
35572
35574
35576
35580
35582
35584
35586
35588
35590
35592
35594
35596
35508
35510
35512
35514
35516
35518
35520
35522
35526
35528
35562
35564
35566
35568
35570
35572
35574
35576
35580
35582
35584
35586
35588
35590
35592
35594
35596
35508
35510
35512
35514
35516
35518
35520
35522
35526
35528
35562
35564
35566
35568
35570
35572
35574
35576
35580
35582
35584
35586
35588
35590
35592
35594
35596
35508
35510
35512
35514
35516
35518
35520
35522
35526
35528
35562
35564
35566
35568
35570
35572
35574
35576
35580
35582
35584
35586
35588
35590
35592
35594
35596
35508
35510
35512
35514
35516
35518
35520
35522
35526
35528
35562
35564
35566
35568
35570
35572
35574
35576
35580
35582
35584
35586
35588
35590
35592
35594
35596
35508
35510
35512
35514
35516
35518
35520
35522
35526
35528
35562
35564
35566
35568
35570
35572
35574
35576
35580
35582
35584
35586
35588
35590
35592
35594
35596
35508
35510
35512
35514
35516
35518
35520
35522
35526
35528
35562
35564
35566
35568
35570
35572
35574
35576
35580
35582
35584
35586
35588
35590
35592
35594
35596
35508
35510
35512
35514
35516
35518
35520
35522
35526
35528
35562
35564
35566
35568
35570
35572
35574
35576
35580
35582
35584
35586
35588
35590
35592
35594
35596
35508
35510
35512
35514
35516
35518
35520
35522
35526
35528
35562
35564
35566
35568
35570
35572
35574
35576
35580
35582
35584
35586
35588
35590
35592
35594
35596
35508
35510
35512
35514
35516
35518
35520
35522
35526
35528
35562
35564
35566
35568
35570
35572
35574
35576
35580
35582
35584
35586
35588
35590
35592
35594
35596
35598
35600
35602
35504
35506
35594
35596
35508
35510
35512
35514
35516
35518
35520
35522
35526
35528
35562
35564
35566
35568
35570
35572
35574
35576
35580
35582
35584
35586
35588
35590
35592
35594
35596
35508
35510
35512
35514
35516
35518
35520
35522
35526
35528
35562
35564
35566
35568
35570
35572
35574
35576
35580
35582
35584
35586
35588
35590
35592
35594
35596
35508
35510
35512
35514
35516
35518
35520
35522
35526
35528
35562
35564
35566
35568
35570
35572
35574
35576
35580
35582
35584
35586
35588
35590
35592
35594
35596
35508
35510
35512
35514
35516
35518
35520
35522
35526
35528
35562
35564
35566
35568
35570
35572
35574
35576
35580
35582
35584
35586
35588
35590
35592
35594
35596
35508
35510
35512
35514
35516
35518
35520
35522
35526
35528
35562
35564
35566
35568
35570
35572
35574
35576
35580
35582
35584
35586
35588
35590
35592
35594
35596
35508
35510
35512
35514
35516
35518
35520
35522
35526
35528
35562
35564
35566
35568
35570
35572
35574
35576
35580
35582
35584
35586
35588
35590
35592
35594
35596
35508
35510
35512
35514
35516
35518
35520
35522
35526
35528
35562
35564
35566
35568
35570
35572
35574
35576
35580
35582
35584
35586
35588
35590
35592
35594
35596
35508
35510
35512
35514
35516
35518
35520
35522
35526
35528
35562
35564
35566
35568
35570
35572
35574
35576
35580
35582
35584
35586
35588
35590
35592
35594
35596
35508
35510
35512
35514
35516
35518
35520
35522
35526
35528
35562
35564
35566
35568
35570
35572
35574
35576
35580
35582
35584
35586
35588
35590
35592
35594
35596
35508
35510
35512
35514
35516
35518
35520
35522
35526
35528
35562
35564
35566
35568
35570
35572
35574
35576
35580
35582
35584
35586
35588
35590
35592
35594
35596
35598
35600
35602
35504
35506
35594
35596
35508
35510
35512
35514
35516
35518
35520
35522
35526
35528
35562
35564
35566
35568
35570
35572
35574
35576
35580
35582
35584
35586
35588
35590
35592
35594
35596
35508
35510
35512
35514
35516
35518
35520
35522
35526
35528
35562
35564
35566
35568
35570
35572
35574
35576
35580
35582
35584
35586
35588
35590
35592
35594
35596
35508
35510
35512
35514
35516
35518
35520
35522
35526
35528
35562
35564
35566
35568
35570
35572
35574
35576
35580
35582
35584
35586
35588
35590
35592
35594
35596
35508
35510
35512
35514
35516
35518
35520
35522
35526
35528
35562
35564
35566
35568
35570
35572
35574
35576
35580
35582
35584
35586
35588
35590
35592
35594
35596
35508
35510
35512
35514
35516
35518
35520
35522
35526
35528
35562
35564
35566
35568
35570
35572
35574
35576
35580
35582
35584
35586
35588
35590
35592
35594
35596
35508
35510
35512
35514
35516
35518
35520
35522
35526
35528
35562
35564
35566
35568
35570
35572
35574
35576
35580
35582
35584
35586
35588
35590
35592
35594
35596
35508
35510
35512
35514
35516
35518
35520
35522
35526
35528
35562
35564
35566
35568
35570
35572
35574
35576
35580
35582
35584
35586
35588
35590
35592
35594
35596
35508
35510
35512
35514
35516
35518
35520
35522
35526
35528
35562
35564
35566
35568
35570
35572
35574
35576
35580
35582
35584
35586
35588
35590
35592
35594
35596
35508
35510
35512
35514
35516
35518
35520
35522
35526
35528
35562
35564
35566
35568
35570
35572
35574
35576
35580
35582
35584
35586
35588
35590
35592
35594
35596
35508
35510
35512
35514
35516
35518
35520
35522
35526
35528
35562
35564
35566
35568
35570
35572
35574
35576
35580
35582
35584
35586
35588
35590
35592
35594
35596
35598
35600
35602
35504
35506
35594
35596
35508
35510
35512
35514
35516
35518
35520
35522
35526
35528
35562
35564
35566
35568
35570
35572
35574
35576
35580
35582
35584
35586
35588
35590
35592
35594
35596
35508
35510
35512
35514
35516
35518
35520
35522
35526
35528
35562
35564
35566
35568
35570
35572
35574
35576
35580
35582
35584
35586
35588
35590
35592
35594
35596
35508
35510
35512
35514
35516
35518
35520
35522
35526
35528
35562
35564
35566
35568
35570
35572
35574
35576
35580
35582
35584
35586
35588
35590
35592
35594
35596
35508
35510
35512
35514
35516
35518
35520
35522
35526
35528
35562
35564
35566
35568
35570
35572
35574
35576
35580
35582
35584
35586
35588
35590
35592
35594
35596
35508
35510
35512
35514
35516
35518
35520
35522
35526
35528
35562
35564
35566
35568
35570
35572
35574
35576
35580
35582
35584
35586
35588
35590
35592
35594
35596
35508
35510
35512
35514
35516
35518
35520
35522
35526
35528
35562
35564
35566
35568
35570
35572
35574
35576
35580
35582
35584
35586
35588
35590
35592
35594
35596
35508
35510
35512
35514
35516
35518
35520
35522
35526
35528
35562
35564
35566
35568
35570
35572
35574
35576
35580
35582
35584
35586
35588
35590
35592
35594
35596
35508
35510
35512
35514
35516
35518
35520
35522
35526
35528
35562
35564
35566
35568
35570
35572
35574
35576
35580
35582
35584
35586
35588
35590
35592
35594
35596
35508
35510
35512
35514
35516
35518
35520
35522
35526
35528
35562
35564
35566
35568
35570
35572
35574
35576
35580
35582
35584
35586
35588
35590
35592
35594
35596
35508
35510
35512
35514
35516
35518
35520
35522
35526
35528
35562
35564
35566
35568
35570
35572
35574
35576
35580
35582
35584
35586
35588
35590
35592
35594
35596
35598
35600
35602
35504
35506
35594
35596
35508
35510
35512
35514
35516
35518
35520
35522
35526
35528
35562
35564
35566
35568
35570
35572
35574
35576
35580
35582
35584
35586
35588
35590
35592
35594
35596
35508
35510
35512
35514
35516
35518
35520
35522
35526
35528
35562
35564
35566
35568
35570
35572
35574
35576
35580
35582
35584
35586
35588
35590
35592
35594
35596
35508
35510
35512
35514
35516
35518
35520
35522
35526
35528
35562
35564
35566
35568
35570
35572
35574
35576
35580
35582
35584
35586
35588
35590
35592
35594
35596
35508
35510
35512
35514
35516
35518
35520
35522
35526
35528
35562
35564
35566
35568
35570
35572
35574
35576
35580
35582
35584
35586
35588
35590
35592
35594
35596
35508
35510
35512
35514
35516
35518
35520
35522
35526
35528
35562
35564
35566
35568
35570
35572
35574
35576
35580
35582
35584
35586
35588
35590
35592
35594
35596
35508
35510
35512
35514
35516
35518
35520
35522
35526
35528
35562
35564
35566
35568
35570
35572
35574
35576
35580
35582
35584
35586
35588
35590
35592
35594
35596
35508
35510
35512
35514
35516
35518
35520
35522
35526
35528
35562
35564
35566
35568
35570
35572
35574
35576
35580
35582
35584
35586
35588
35590
35592
35594
35596
35508
35510
35512
35514
35516
35518
35520
35522
35526
35528
35562
35564
35566
35568
35570
35572
35574
35576
35580
35582
35584
35586
35588
35590
35592
35594
35596
35508
35510
35512
35514
35516
35518
35520
35522
35526
35528
35562
35564
35566
35568
35570
35572
35574
35576
35580
35582
35584
35586
35588
35590
35592
35594
35596
35508
35510
35512
35514
35516
35518
35520
35522
35526
35528
35562
35564
35566
35568
35570
35572
35574
35576
35580
35582
35584
35586
35588
35590
35592
35594
35596
35598
35600
35602
35504
35506
35594
35596
35508
35510
35512
35514
35516
35518
35520
35522
35526
35528
35562
35564
35566
35568
35570
35572
35574
35576
35580
35582
35584
35586
35588
35590
35592
35594
35596
35508
35510
35512
35514
35516
35518
35520
35522
35526
35528
35562
35564
35566
35568
35570
35572
35574
35576
35580
35582
35584
35586
35588
35590
35592
35594
35596
35508
35510
35512
35514
35516
35518
35520
35522
35526
35528
35562
35564
35566
35568
35570
35572
35574
35576
35580
35582
35584
35586
35588
35590
35592
35594
35596
35508
35510
35512
35514
35516
35518
35520
35522
35526
35528
35562
35564
35566
35568
35570
35572
35574
35576
35580
35582
35584
35586
35588
35590
35592
35594
35596
35508
35510
35512
35514
35516
35518
35520
35522
35526
35528
35562
35564
35566
35568
35570
35572
35574
35576
35580
35582
35584
35586
35588
35590
35592
35594
35596
35508
35510
35512
35514
35516
35518
35520
35522
35526
35528
35562
35564
35566
35568
35570
35572
35574
35576
35580
35582
35584
35586
35588
35590
35592
35594
35596
35508
35510
35512
35514
35516
35518
35520
35522
35526
35528
35562
35564
35566
35568
35570
35572
35574
35576
35580
35582
35584
35586
35588
35590
35592
35594
35596
35508
35510
35512
35514
35516
35518
35520
35522
35526
35528
35562
35564
35566
35568
35570
35572
35574
35576
35580
35582
35584
35586
35588
35590
35592
35594
35596
35508
35510
35512
35514
35516
35518
35520
35522
35526
35528
35562
35564
35566
35568
35570
35572
35574
35576
35580
35582
35584
35586
35588
35590
35592
35594
35596
35508
35510
35512
35514
35516
35518
35520
35522
35526
35528
35562
35564
35566
35568
35570
35572
35574
35576
35580
35582
35584
35586
35588
35590
35592
35594
35596
35598
35600
35602
35504
35506
35594
35596
35508
35510
35512
35514
35516
35518
35520
35522
35526
35528
35562
35564
35566
35568
35570
35572
35574
35576
35580
35582
35584
35586
35588
35590
35592
35594
35596
35508
35510
35512
35514
35516
35518
35520
35522
35526
35528
35562
35564
35566
35568
35570
35572
35574
35576
35580
35582
35584
35586
35588
35590
35592
35594
35596
35508
35510
35512
35514
35516
35518
35520
35522
35526
35528
35562
35564
35566
35568
35570
35572
35574
35576
35580
35582
35584
35586
35588
35590
35592
35594
35596
35508
35510
35512
35514
35516
35518
35520
35522
35526
35528
35562
35564
35566
35568
35570
35572
35574
35576
35580
35582
35584
35586
35588
35590
35592
35594
35596
35508
35510
35512
35514
35516
35518
35520
35522
35526
35528
35562
35564
35566
35568
35570
35572
35574
35576
35580
35582
35584
35586
35588
35590
35592
35594
35596
35508
35510
35512
35514
35516
35518
35520
35522
35526
35528
35562
35564
35566
35568
35570
35572
35574
35576
35580
35582
35584
35586
35588
35590
35592
35594
35596
35508
35510
35512
35514
35516
35518
35520
35522
35526
35528
35562
35564
35566
35568
35570
35572
35574
35576
35580
35582
35584
35586
35588
35590
35592
35594
35596
35508
35510
35512
35514
35516
35518
35520
35522
35526
35528
35562
35564
35566
35568
35570
35572
35574
35576
35580
35582
35584
35586
35588
35590
35592
35594
35596
35508
35510
35512
35514
35516
35518
35520
35522
35526
35528
35562
35564
35566
35568
35570
35572
35574
35576
35580
35582
35584
35586
35588
35590
35592
35594
35596
35508
35510
35512
35514
35516
35518
35520
35522
35526
35528
35562
35564
35566
35568
35570
35572
35574
35576
35580
35582
35584
35586
35588
35590
35592
35594
35596
35598
35600
35602
35604
35608
35612
35614
35616
35620
35624
35626
35628
35632
35636
35638
35640
35644
35648
35650
35652
35654
35656
35658
35326
35330
35332
35334
35336
35338
35342
35346
35350
35354
35358
35362
35364
35366
35368
35370
35292
35294
35296
