3204447648
3204447652
3204447644
449728
3204447644
3204447640
3204447644
3204447620
3204447620
3204447596
3204447600
3204447604
3204447608
3204447612
3204447588
3204447588
3204447580
449728
449728
449728
3204447580
449736
3204447588
3204447580
449728
449728
449728
3204447580
449740
3204447588
3204447580
449728
449728
449728
3204447580
449744
3204447588
3204447580
449728
449728
449728
3204447580
449748
3204447588
3204447580
449728
449728
449728
3204447580
449752
3204447588
3204447580
449728
449728
449728
3204447580
449756
3204447588
3204447580
449728
449728
449728
3204447580
449760
3204447588
3204447580
449728
449728
449728
3204447580
449764
3204447588
3204447580
449728
449728
449728
3204447580
449768
3204447588
3204447580
449728
449728
449728
3204447580
449772
3204447588
3204447580
449728
449728
449728
3204447580
449776
3204447588
3204447580
449728
449728
449728
3204447580
449780
3204447588
3204447580
449728
449728
449728
3204447580
449784
3204447588
3204447580
449728
449728
449728
3204447580
449788
3204447588
3204447580
449728
449728
449728
3204447580
449792
3204447588
3204447580
449728
449728
449728
3204447580
449796
3204447588
3204447580
449728
449728
449728
3204447580
449800
3204447588
3204447580
449728
449728
449728
3204447580
449804
3204447588
3204447580
449728
449728
449728
3204447580
449808
3204447588
3204447580
449728
449728
449728
3204447580
449812
3204447588
3204447580
449728
449728
449728
3204447580
449816
3204447588
3204447580
449728
449728
449728
3204447580
449820
3204447588
3204447580
449728
449728
449728
3204447580
449824
3204447588
3204447580
449728
449728
449728
3204447580
449828
3204447588
3204447580
449728
449728
449728
3204447580
449832
3204447588
3204447580
449728
449728
449728
3204447580
449836
3204447588
3204447580
449728
449728
449728
3204447580
449840
3204447588
3204447580
449728
449728
449728
3204447580
449844
3204447588
3204447580
449728
449728
449728
3204447580
449848
3204447588
3204447580
449728
449728
449728
3204447580
449852
3204447588
3204447580
449728
449728
449728
3204447580
449856
3204447588
3204447580
449728
449728
449728
3204447580
449860
3204447588
3204447580
449728
449728
449728
3204447580
449864
3204447588
3204447580
449728
449728
449728
3204447580
449868
3204447588
3204447580
449728
449728
449728
3204447580
449872
3204447588
3204447580
449728
449728
449728
3204447580
449876
3204447588
3204447580
449728
449728
449728
3204447580
449880
3204447588
3204447580
449728
449728
449728
3204447580
449884
3204447588
3204447580
449728
449728
449728
3204447580
449888
3204447588
3204447580
449728
449728
449728
3204447580
449892
3204447588
3204447580
449728
449728
449728
3204447580
449896
3204447588
3204447580
449728
449728
449728
3204447580
449900
3204447588
3204447580
449728
449728
449728
3204447580
449904
3204447588
3204447580
449728
449728
449728
3204447580
449908
3204447588
3204447580
449728
449728
449728
3204447580
449912
3204447588
3204447580
449728
449728
449728
3204447580
449916
3204447588
3204447580
449728
449728
449728
3204447580
449920
3204447588
3204447580
449728
449728
449728
3204447580
449924
3204447588
3204447580
449728
449728
449728
3204447580
449928
3204447588
3204447580
449728
449728
449728
3204447580
449932
3204447588
3204447580
449728
449728
449728
3204447580
449936
3204447588
3204447580
449728
449728
449728
3204447580
449940
3204447588
3204447580
449728
449728
449728
3204447580
449944
3204447588
3204447580
449728
449728
449728
3204447580
449948
3204447588
3204447580
449728
449728
449728
3204447580
449952
3204447588
3204447580
449728
449728
449728
3204447580
449956
3204447588
3204447580
449728
449728
449728
3204447580
449960
3204447588
3204447580
449728
449728
449728
3204447580
449964
3204447588
3204447580
449728
449728
449728
3204447580
449968
3204447588
3204447580
449728
449728
449728
3204447580
449972
3204447588
3204447580
449728
449728
449728
3204447580
449976
3204447588
3204447580
449728
449728
449728
3204447580
449980
3204447588
3204447580
449728
449728
449728
3204447580
449984
3204447588
3204447580
449728
449728
449728
3204447580
449988
3204447588
3204447580
449728
449728
449728
3204447580
449992
3204447588
3204447580
449728
449728
449728
3204447580
449996
3204447588
3204447580
449728
449728
449728
3204447580
450000
3204447588
3204447580
449728
449728
449728
3204447580
450004
3204447588
3204447580
449728
449728
449728
3204447580
450008
3204447588
3204447580
449728
449728
449728
3204447580
450012
3204447588
3204447580
449728
449728
449728
3204447580
450016
3204447588
3204447580
449728
449728
449728
3204447580
450020
3204447588
3204447580
449728
449728
449728
3204447580
450024
3204447588
3204447580
449728
449728
449728
3204447580
450028
3204447588
3204447580
449728
449728
449728
3204447580
450032
3204447588
3204447580
449728
449728
449728
3204447580
450036
3204447588
3204447580
449728
449728
449728
3204447580
450040
3204447588
3204447580
449728
449728
449728
3204447580
450044
3204447588
3204447580
449728
449728
449728
3204447580
450048
3204447588
3204447580
449728
449728
449728
3204447580
450052
3204447588
3204447580
449728
449728
449728
3204447580
450056
3204447588
3204447580
449728
449728
449728
3204447580
450060
3204447588
3204447580
449728
449728
449728
3204447580
450064
3204447588
3204447580
449728
449728
449728
3204447580
450068
3204447588
3204447580
449728
449728
449728
3204447580
450072
3204447588
3204447580
449728
449728
449728
3204447580
450076
3204447588
3204447580
449728
449728
449728
3204447580
450080
3204447588
3204447580
449728
449728
449728
3204447580
450084
3204447588
3204447580
449728
449728
449728
3204447580
450088
3204447588
3204447580
449728
449728
449728
3204447580
450092
3204447588
3204447580
449728
449728
449728
3204447580
450096
3204447588
3204447580
449728
449728
449728
3204447580
450100
3204447588
3204447580
449728
449728
449728
3204447580
450104
3204447588
3204447580
449728
449728
449728
3204447580
450108
3204447588
3204447580
449728
449728
449728
3204447580
450112
3204447588
3204447580
449728
449728
449728
3204447580
450116
3204447588
3204447580
449728
449728
449728
3204447580
450120
3204447588
3204447580
449728
449728
449728
3204447580
450124
3204447588
3204447580
449728
449728
449728
3204447580
450128
3204447588
3204447580
449728
449728
449728
3204447580
450132
3204447596
3204447604
3204447612
3204447628
3204447620
3204447604
3204447608
3204447612
3204447580
3204447584
3204447588
3204447592
3204447596
3204447580
449736
3204447580
449736
3204447588
3204447588
3204447596
3204447596
3204447580
449740
3204447580
449740
3204447588
3204447588
3204447596
3204447596
3204447580
449744
3204447580
449744
3204447588
3204447588
3204447596
3204447596
3204447580
449748
3204447580
449748
3204447588
3204447588
3204447596
3204447596
3204447580
449752
3204447580
449752
3204447588
3204447588
3204447596
3204447596
3204447580
449756
3204447580
449756
3204447588
3204447588
3204447596
3204447596
3204447580
449760
3204447580
449760
3204447588
3204447588
3204447596
3204447596
3204447580
449764
3204447580
449764
3204447588
3204447588
3204447596
3204447596
3204447580
449768
3204447580
449768
3204447588
3204447588
3204447596
3204447596
3204447580
449772
3204447580
449772
3204447588
3204447588
3204447596
3204447596
3204447580
449776
3204447580
449776
3204447588
3204447588
3204447596
3204447596
3204447580
449780
3204447580
449780
3204447588
3204447588
3204447596
3204447596
3204447580
449784
3204447580
449784
3204447588
3204447588
3204447596
3204447596
3204447580
449788
3204447580
449788
3204447588
3204447588
3204447596
3204447596
3204447580
449792
3204447580
449792
3204447588
3204447588
3204447596
3204447596
3204447580
449796
3204447580
449796
3204447588
3204447588
3204447596
3204447596
3204447580
449800
3204447580
449800
3204447588
3204447588
3204447596
3204447596
3204447580
449804
3204447580
449804
3204447588
3204447588
3204447596
3204447596
3204447580
449808
3204447580
449808
3204447588
3204447588
3204447596
3204447596
3204447580
449812
3204447580
449812
3204447588
3204447588
3204447596
3204447596
3204447580
449816
3204447580
449816
3204447588
3204447588
3204447596
3204447596
3204447580
449820
3204447580
449820
3204447588
3204447588
3204447596
3204447596
3204447580
449824
3204447580
449824
3204447588
3204447588
3204447596
3204447596
3204447580
449828
3204447580
449828
3204447588
3204447588
3204447596
3204447596
3204447580
449832
3204447580
449832
3204447588
3204447588
3204447596
3204447596
3204447580
449836
3204447580
449836
3204447588
3204447588
3204447596
3204447596
3204447580
449840
3204447580
449840
3204447588
3204447588
3204447596
3204447596
3204447580
449844
3204447580
449844
3204447588
3204447588
3204447596
3204447596
3204447580
449848
3204447580
449848
3204447588
3204447588
3204447596
3204447596
3204447580
449852
3204447580
449852
3204447588
3204447588
3204447596
3204447596
3204447580
449856
3204447580
449856
3204447588
3204447588
3204447596
3204447596
3204447580
449860
3204447580
449860
3204447588
3204447588
3204447596
3204447596
3204447580
449864
3204447580
449864
3204447588
3204447588
3204447596
3204447596
3204447580
449868
3204447580
449868
3204447588
3204447588
3204447596
3204447596
3204447580
449872
3204447580
449872
3204447588
3204447588
3204447596
3204447596
3204447580
449876
3204447580
449876
3204447588
3204447588
3204447596
3204447596
3204447580
449880
3204447580
449880
3204447588
3204447588
3204447596
3204447596
3204447580
449884
3204447580
449884
3204447588
3204447588
3204447596
3204447596
3204447580
449888
3204447580
449888
3204447588
3204447588
3204447596
3204447596
3204447580
449892
3204447580
449892
3204447588
3204447588
3204447596
3204447596
3204447580
449896
3204447580
449896
3204447588
3204447588
3204447596
3204447596
3204447580
449900
3204447580
449900
3204447588
3204447588
3204447596
3204447596
3204447580
449904
3204447580
449904
3204447588
3204447588
3204447596
3204447596
3204447580
449908
3204447580
449908
3204447588
3204447588
3204447596
3204447596
3204447580
449912
3204447580
449912
3204447588
3204447588
3204447596
3204447596
3204447580
449916
3204447580
449916
3204447588
3204447588
3204447596
3204447596
3204447580
449920
3204447580
449920
3204447588
3204447588
3204447596
3204447596
3204447580
449924
3204447580
449924
3204447588
3204447588
3204447596
3204447596
3204447580
449928
3204447580
449928
3204447588
3204447588
3204447596
3204447596
3204447580
449932
3204447580
449932
3204447588
3204447588
3204447596
3204447596
3204447580
449936
3204447580
449936
3204447588
3204447588
3204447596
3204447596
3204447580
449940
3204447580
449940
3204447588
3204447588
3204447596
3204447596
3204447580
449944
3204447580
449944
3204447588
3204447588
3204447596
3204447596
3204447580
449948
3204447580
449948
3204447588
3204447588
3204447596
3204447596
3204447580
449952
3204447580
449952
3204447588
3204447588
3204447596
3204447596
3204447580
449956
3204447580
449956
3204447588
3204447588
3204447596
3204447596
3204447580
449960
3204447580
449960
3204447588
3204447588
3204447596
3204447596
3204447580
449964
3204447580
449964
3204447588
3204447588
3204447596
3204447596
3204447580
449968
3204447580
449968
3204447588
3204447588
3204447596
3204447596
3204447580
449972
3204447580
449972
3204447588
3204447588
3204447596
3204447596
3204447580
449976
3204447580
449976
3204447588
3204447588
3204447596
3204447596
3204447580
449980
3204447580
449980
3204447588
3204447588
3204447596
3204447596
3204447580
449984
3204447580
449984
3204447588
3204447588
3204447596
3204447596
3204447580
449988
3204447580
449988
3204447588
3204447588
3204447596
3204447596
3204447580
449992
3204447580
449992
3204447588
3204447588
3204447596
3204447596
3204447580
449996
3204447580
449996
3204447588
3204447588
3204447596
3204447596
3204447580
450000
3204447580
450000
3204447588
3204447588
3204447596
3204447596
3204447580
450004
3204447580
450004
3204447588
3204447588
3204447596
3204447596
3204447580
450008
3204447580
450008
3204447588
3204447588
3204447596
3204447596
3204447580
450012
3204447580
450012
3204447588
3204447588
3204447596
3204447596
3204447580
450016
3204447580
450016
3204447588
3204447588
3204447596
3204447596
3204447580
450020
3204447580
450020
3204447588
3204447588
3204447596
3204447596
3204447580
450024
3204447580
450024
3204447588
3204447588
3204447596
3204447596
3204447580
450028
3204447580
450028
3204447588
3204447588
3204447596
3204447596
3204447580
450032
3204447580
450032
3204447588
3204447588
3204447596
3204447596
3204447580
450036
3204447580
450036
3204447588
3204447588
3204447596
3204447596
3204447580
450040
3204447580
450040
3204447588
3204447588
3204447596
3204447596
3204447580
450044
3204447580
450044
3204447588
3204447588
3204447596
3204447596
3204447580
450048
3204447580
450048
3204447588
3204447588
3204447596
3204447596
3204447580
450052
3204447580
450052
3204447588
3204447588
3204447596
3204447596
3204447580
450056
3204447580
450056
3204447588
3204447588
3204447596
3204447596
3204447580
450060
3204447580
450060
3204447588
3204447588
3204447596
3204447596
3204447580
450064
3204447580
450064
3204447588
3204447588
3204447596
3204447596
3204447580
450068
3204447580
450068
3204447588
3204447588
3204447596
3204447596
3204447580
450072
3204447580
450072
3204447588
3204447588
3204447596
3204447596
3204447580
450076
3204447580
450076
3204447588
3204447588
3204447596
3204447596
3204447580
450080
3204447580
450080
3204447588
3204447588
3204447596
3204447596
3204447580
450084
3204447580
450084
3204447588
3204447588
3204447596
3204447596
3204447580
450088
3204447580
450088
3204447588
3204447588
3204447596
3204447596
3204447580
450092
3204447580
450092
3204447588
3204447588
3204447596
3204447596
3204447580
450096
3204447580
450096
3204447588
3204447588
3204447596
3204447596
3204447580
450100
3204447580
450100
3204447588
3204447588
3204447596
3204447596
3204447580
450104
3204447580
450104
3204447588
3204447588
3204447596
3204447596
3204447580
450108
3204447580
450108
3204447588
3204447588
3204447596
3204447596
3204447580
450112
3204447580
450112
3204447588
3204447588
3204447596
3204447596
3204447580
450116
3204447580
450116
3204447588
3204447588
3204447596
3204447596
3204447580
450120
3204447580
450120
3204447588
3204447588
3204447596
3204447596
3204447580
450124
3204447580
450124
3204447588
3204447588
3204447596
3204447596
3204447580
450128
3204447580
450128
3204447588
3204447588
3204447596
3204447596
3204447580
450132
3204447580
450132
3204447588
3204447588
3204447596
3204447596
3204447584
449732
3204447592
450144
3204447588
450136
3204447596
450140
3204447604
3204447612
3204447632
3204447632
3204447628
35376
3204447636
3204447640
3204447648
