3204447648
3204447652
3204447644
3204447636
3204447620
3204447624
3204447624
3204447624
3204447628
3204447620
3204447620
3204447620
3204447624
453912
3204447624
3204447624
3204447624
3204447624
3204447628
3204447620
3204447620
3204447620
3204447624
453913
3204447624
3204447624
3204447624
3204447624
3204447628
3204447620
3204447620
3204447620
3204447624
453914
3204447624
3204447624
3204447624
3204447624
3204447628
3204447620
3204447620
3204447620
3204447624
453915
3204447624
3204447624
3204447624
3204447624
3204447628
3204447620
3204447620
3204447620
3204447624
453916
3204447624
3204447624
3204447624
3204447624
3204447628
3204447620
3204447620
3204447620
3204447624
453917
3204447624
3204447624
3204447624
3204447624
3204447628
3204447620
3204447620
3204447620
3204447624
453918
3204447624
3204447624
3204447624
3204447624
3204447628
3204447620
3204447620
3204447620
3204447624
453919
3204447624
3204447624
3204447624
3204447624
3204447628
3204447620
3204447620
3204447620
3204447624
453920
3204447624
3204447624
3204447624
3204447624
3204447628
3204447620
3204447620
3204447620
3204447624
453921
3204447624
3204447624
3204447624
3204447624
3204447628
3204447620
3204447620
3204447620
3204447624
453922
3204447624
3204447624
3204447624
3204447624
3204447628
3204447620
3204447620
3204447620
3204447624
453923
3204447624
3204447624
3204447624
3204447624
3204447628
3204447620
3204447620
3204447620
3204447624
453924
3204447624
3204447624
3204447624
3204447624
3204447628
3204447620
3204447620
3204447620
3204447624
453925
3204447624
3204447624
3204447624
3204447624
3204447628
3204447620
3204447620
3204447620
3204447624
453926
3204447624
3204447624
3204447624
3204447624
3204447628
3204447620
3204447620
3204447620
3204447624
453927
3204447624
3204447624
3204447624
3204447624
3204447628
3204447620
3204447620
3204447620
3204447624
453928
3204447624
3204447624
3204447624
3204447624
3204447628
3204447620
3204447620
3204447620
3204447624
453929
3204447624
3204447624
3204447624
3204447624
3204447628
3204447620
3204447620
3204447620
3204447624
453930
3204447624
3204447624
3204447624
3204447624
3204447628
3204447620
3204447620
3204447620
3204447624
453931
3204447624
3204447624
3204447624
3204447624
3204447628
3204447620
3204447620
3204447620
3204447624
453932
3204447624
3204447624
3204447624
3204447624
3204447628
3204447620
3204447620
3204447620
3204447624
453933
3204447624
3204447624
3204447624
3204447624
3204447628
3204447620
3204447620
3204447620
3204447624
453934
3204447624
3204447624
3204447624
3204447624
3204447628
3204447620
3204447620
3204447620
3204447624
453935
3204447624
3204447624
3204447624
3204447624
3204447628
3204447620
3204447620
3204447620
3204447624
453936
3204447624
3204447624
3204447624
3204447624
3204447628
3204447620
3204447620
3204447620
3204447624
453937
3204447624
3204447624
3204447624
3204447624
3204447628
3204447620
3204447620
3204447620
3204447624
453938
3204447624
3204447624
3204447624
3204447624
3204447628
3204447620
3204447620
3204447620
3204447624
453939
3204447624
3204447624
3204447624
3204447624
3204447628
3204447620
3204447620
3204447620
3204447624
453940
3204447624
3204447624
3204447624
3204447624
3204447628
3204447620
3204447620
3204447620
3204447624
453941
3204447624
3204447624
3204447624
3204447624
3204447628
3204447620
3204447620
3204447620
3204447624
453942
3204447624
3204447624
3204447624
3204447624
3204447628
3204447620
3204447620
3204447620
3204447624
453943
3204447624
3204447624
3204447624
3204447624
3204447628
3204447620
3204447620
3204447620
3204447624
453944
3204447624
3204447624
3204447624
3204447624
3204447628
3204447620
3204447620
3204447620
3204447624
453945
3204447624
3204447624
3204447624
3204447624
3204447628
3204447620
3204447620
3204447620
3204447624
453946
3204447624
3204447624
3204447624
3204447624
3204447628
3204447620
3204447620
3204447620
3204447624
453947
3204447624
3204447624
3204447624
3204447624
3204447628
3204447620
3204447620
3204447620
3204447624
453948
3204447624
3204447624
3204447624
3204447624
3204447628
3204447620
3204447620
3204447620
3204447624
453949
3204447624
3204447624
3204447624
3204447624
3204447628
3204447620
3204447620
3204447620
3204447624
453950
3204447624
3204447624
3204447624
3204447624
3204447628
3204447620
3204447620
3204447620
3204447624
453951
3204447624
3204447624
3204447624
3204447624
3204447628
3204447620
3204447620
3204447620
3204447624
453952
3204447624
3204447624
3204447624
3204447624
3204447628
3204447620
3204447620
3204447620
3204447624
453953
3204447624
3204447624
3204447624
3204447624
3204447628
3204447620
3204447620
3204447620
3204447624
453954
3204447624
3204447624
3204447624
3204447624
3204447628
3204447620
3204447620
3204447620
3204447624
453955
3204447624
3204447624
3204447624
3204447624
3204447628
3204447620
3204447620
3204447620
3204447624
453956
3204447624
3204447624
3204447624
3204447624
3204447628
3204447620
3204447620
3204447620
3204447624
453957
3204447624
3204447624
3204447624
3204447624
3204447628
3204447620
3204447620
3204447620
3204447624
453958
3204447624
3204447624
3204447624
3204447624
3204447628
3204447620
3204447620
3204447620
3204447624
453959
3204447624
3204447624
3204447624
3204447624
3204447628
3204447620
3204447620
3204447620
3204447624
453960
3204447624
3204447624
3204447624
3204447624
3204447628
3204447620
3204447620
3204447620
3204447624
453961
3204447624
3204447624
3204447624
3204447636
446592
446592
446596
3204447644
455168
455052
453964
455056
3204447608
3204447612
3204447616
3204447620
3204447624
3204447628
3204447632
3204447636
450392
455160
450388
450376
450380
446620
446616
455164
455164
455704
446612
450364
3204447596
455168
455052
455052
455168
455168
453964
453964
453912
3204447596
446600
446600
3204447584
3204447588
3204447592
3204447596
3204447580
3204447580
3204447580
454988
454992
454996
455000
455004
455008
455012
455016
455020
455024
455028
455032
455036
455040
455044
455048
454924
454928
454932
454936
454940
454944
454948
454952
454956
454960
454964
454968
454972
454976
454980
454984
454860
454864
454868
454872
454876
454880
454884
454888
454892
454896
454900
454904
454908
454912
454916
454920
454796
454800
454804
454808
454812
454816
454820
454824
454828
454832
454836
454840
454844
454848
454852
454856
454732
454736
454740
454744
454748
454752
454756
454760
454764
454768
454772
454776
454780
454784
454788
454792
454668
454672
454676
454680
454684
454688
454692
454696
454700
454704
454708
454712
454716
454720
454724
454728
454604
454608
454612
454616
454620
454624
454628
454632
454636
454640
454644
454648
454652
454656
454660
454664
454540
454544
454548
454552
454556
454560
454564
454568
454572
454576
454580
454584
454588
454592
454596
454600
454476
454480
454484
454488
454492
454496
454500
454504
454508
454512
454516
454520
454524
454528
454532
454536
454412
454416
454420
454424
454428
454432
454436
454440
454444
454448
454452
454456
454460
454464
454468
454472
454348
454352
454356
454360
454364
454368
454372
454376
454380
454384
454388
454392
454396
454400
454404
454408
454284
454288
454292
454296
454300
454304
454308
454312
454316
454320
454324
454328
454332
454336
454340
454344
454220
454224
454228
454232
454236
454240
454244
454248
454252
454256
454260
454264
454268
454272
454276
454280
454156
454160
454164
454168
454172
454176
454180
454184
454188
454192
454196
454200
454204
454208
454212
454216
454092
454096
454100
454104
454108
454112
454116
454120
454124
454128
454132
454136
454140
454144
454148
454152
454028
454032
454036
454040
454044
454048
454052
454056
454060
454064
454068
454072
454076
454080
454084
454088
454024
3204447584
3204447592
455168
3204447604
3204447596
455168
455052
455052
455168
455168
453964
453964
453913
3204447596
446620
446620
446592
454488
454488
450388
450388
450364
446596
450364
450364
455404
454488
455168
3204447604
3204447596
455168
455052
455052
455168
455168
453964
453964
453914
3204447596
446620
446620
446592
454032
454032
450388
450388
450364
446596
450364
450364
455176
454032
455168
3204447604
3204447596
455168
455052
455052
455168
455168
453964
453964
453915
3204447596
446620
446620
446592
454348
454348
450388
450388
450364
446596
450364
450364
455334
454348
455168
3204447604
3204447596
455168
455052
455052
455168
455168
453964
453964
453916
3204447596
446620
446620
446592
454160
454160
450388
450388
450364
446596
450364
450364
455240
454160
455168
3204447604
3204447596
455168
455052
455052
455168
455168
453964
453964
453917
3204447596
446620
446620
446592
454868
454868
450388
450388
450364
446596
450364
450364
455594
454868
455168
3204447604
3204447596
455168
455052
455052
455168
455168
453964
453964
453918
3204447596
446620
446620
446592
454908
454908
450388
450388
450364
446596
450364
450364
455614
454908
455168
3204447604
3204447596
455168
455052
455052
455168
455168
453964
453964
453919
3204447596
446620
446620
446592
454312
454312
450388
450388
450364
446596
450364
450364
455316
454312
455168
3204447604
3204447596
455168
455052
455052
455168
455168
453964
453964
453920
3204447596
446620
446620
446592
455008
455008
450388
450388
450364
446596
450364
450364
455664
455008
455168
3204447604
3204447596
455168
455052
455052
455168
455168
453964
453964
453921
3204447596
446620
446620
446592
454776
454776
450388
450388
450364
446596
450364
450364
455548
454776
455168
3204447604
3204447596
455168
455052
455052
455168
455168
453964
453964
453922
3204447596
446620
446620
446592
454820
454820
450388
450388
450364
446596
450364
450364
455570
454820
455168
3204447604
3204447596
455168
455052
455052
455168
455168
453964
453964
453923
3204447596
446620
446620
446592
454080
454080
450388
450388
450364
446596
450364
450364
455200
454080
455168
3204447604
3204447596
455168
455052
455052
455168
455168
453964
453964
453924
3204447596
446620
446620
446592
454096
454096
450388
450388
450364
446596
450364
450364
455208
454096
455168
3204447604
3204447596
455168
455052
455052
455168
455168
453964
453964
453925
3204447596
446620
446620
446592
454324
454324
450388
450388
450364
446596
450364
450364
455322
454324
455168
3204447604
3204447596
455168
455052
455052
455168
455168
453964
453964
453926
3204447596
446620
446620
446592
454412
454412
450388
450388
450364
446596
450364
450364
455366
454412
455168
3204447604
3204447596
455168
455052
455052
455168
455168
453964
453964
453927
3204447596
446620
446620
446592
454560
454560
450388
450388
450364
446596
450364
450364
455440
454560
455168
3204447604
3204447596
455168
455052
455052
455168
455168
453964
453964
453928
3204447596
446620
446620
446592
454596
454596
450388
450388
450364
446596
450364
450364
455458
454596
455168
3204447604
3204447596
455168
455052
455052
455168
455168
453964
453964
453929
3204447596
446620
446620
446592
454360
454360
450388
450388
450364
446596
450364
450364
455340
454360
455168
3204447604
3204447596
455168
455052
455052
455168
455168
453964
453964
453930
3204447596
446620
446620
446592
454284
454284
450388
450388
450364
446596
450364
450364
455302
454284
455168
3204447604
3204447596
455168
455052
455052
455168
455168
453964
453964
453931
3204447596
446620
446620
446592
454204
454204
450388
450388
450364
446596
450364
450364
455262
454204
455168
3204447604
3204447596
455168
455052
455052
455168
455168
453964
453964
453932
3204447596
446620
446620
446592
454236
454236
450388
450388
450364
446596
450364
450364
455278
454236
455168
3204447604
3204447596
455168
455052
455052
455168
455168
453964
453964
453933
3204447596
446620
446620
446592
454320
454320
450388
450388
450364
446596
450364
450364
455320
454320
455168
3204447604
3204447596
455168
455052
455052
455168
455168
453964
453964
453934
3204447596
446620
446620
446592
454600
454600
450388
450388
450364
446596
450364
450364
455460
454600
455168
3204447604
3204447596
455168
455052
455052
455168
455168
453964
453964
453935
3204447596
446620
446620
446592
454872
454872
450388
450388
450364
446596
450364
450364
455596
454872
455168
3204447604
3204447596
455168
455052
455052
455168
455168
453964
453964
453936
3204447596
446620
446620
446592
454948
454948
450388
450388
450364
446596
450364
450364
455634
454948
455168
3204447604
3204447596
455168
455052
455052
455168
455168
453964
453964
453937
3204447596
446620
446620
446592
454836
454836
450388
450388
450364
446596
450364
450364
455578
454836
455168
3204447604
3204447596
455168
455052
455052
455168
455168
453964
453964
453938
3204447596
446620
446620
446592
454432
454432
450388
450388
450364
446596
450364
450364
455376
454432
455168
3204447604
3204447596
455168
455052
455052
455168
455168
453964
453964
453939
3204447596
446620
446620
446592
454676
454676
450388
450388
450364
446596
450364
450364
455498
454676
455168
3204447604
3204447596
455168
455052
455052
455168
455168
453964
453964
453940
3204447596
446620
446620
446592
454596
454596
454140
454140
450388
450388
450364
446596
450364
450364
455230
454140
455168
3204447604
3204447596
455168
455052
455052
455168
455168
453964
453964
453941
3204447596
446620
446620
446592
454144
454144
450388
450388
450364
446596
450364
450364
455232
454144
455168
3204447604
3204447596
455168
455052
455052
455168
455168
453964
453964
453942
3204447596
446620
446620
446592
454628
454628
450388
450388
450364
446596
450364
450364
455474
454628
455168
3204447604
3204447596
455168
455052
455052
455168
455168
453964
453964
453943
3204447596
446620
446620
446592
454500
454500
450388
450388
450364
446596
450364
450364
455410
454500
455168
3204447604
3204447596
455168
455052
455052
455168
455168
453964
453964
453944
3204447596
446620
446620
446592
454828
454828
450388
450388
450364
446596
450364
450364
455574
454828
455168
3204447604
3204447596
455168
455052
455052
455168
455168
453964
453964
453945
3204447596
446620
446620
446592
454888
454888
450388
450388
450364
446596
450364
450364
455604
454888
455168
3204447604
3204447596
455168
455052
455052
455168
455168
453964
453964
453946
3204447596
446620
446620
446592
454528
454528
450388
450388
450364
446596
450364
450364
455424
454528
455168
3204447604
3204447596
455168
455052
455052
455168
455168
453964
453964
453947
3204447596
446620
446620
446592
454656
454656
450388
450388
450364
446596
450364
450364
455488
454656
455168
3204447604
3204447596
455168
455052
455052
455168
455168
453964
453964
453948
3204447596
446620
446620
446592
454292
454292
450388
450388
450364
446596
450364
450364
455306
454292
455168
3204447604
3204447596
455168
455052
455052
455168
455168
453964
453964
453949
3204447596
446620
446620
446592
454544
454544
450388
450388
450364
446596
450364
450364
455432
454544
455168
3204447604
3204447596
455168
455052
455052
455168
455168
453964
453964
453950
3204447596
446620
446620
446592
454904
454904
450388
450388
450364
446596
450364
450364
455612
454904
455168
3204447604
3204447596
455168
455052
455052
455168
455168
453964
453964
453951
3204447596
446620
446620
446592
454344
454344
450388
450388
450364
446596
450364
450364
455332
454344
455168
3204447604
3204447596
455168
455052
455052
455168
455168
453964
453964
453952
3204447596
446620
446620
446592
454744
454744
450388
450388
450364
446596
450364
450364
455532
454744
455168
3204447604
3204447596
455168
455052
455052
455168
455168
453964
453964
453953
3204447596
446620
446620
446592
454316
454316
450388
450388
450364
446596
450364
450364
455318
454316
455168
3204447604
3204447596
455168
455052
455052
455168
455168
453964
453964
453954
3204447596
446620
446620
446592
454992
454992
450388
450388
450364
446596
450364
450364
455656
454992
455168
3204447604
3204447596
455168
455052
455052
455168
455168
453964
453964
453955
3204447596
446620
446620
446592
454060
454060
450388
450388
450364
446596
450364
450364
455190
454060
455168
3204447604
3204447596
455168
455052
455052
455168
455168
453964
453964
453956
3204447596
446620
446620
446592
454404
454404
450388
450388
450364
446596
450364
450364
455362
454404
455168
3204447604
3204447596
455168
455052
455052
455168
455168
453964
453964
453957
3204447596
446620
446620
446592
454780
454780
450388
450388
450364
446596
450364
450364
455550
454780
455168
3204447604
3204447596
455168
455052
455052
455168
455168
453964
453964
453958
3204447596
446620
446620
446592
454164
454164
450388
450388
450364
446596
450364
450364
455242
454164
455168
3204447604
3204447596
455168
455052
455052
455168
455168
453964
453964
453959
3204447596
446620
446620
446592
454932
454932
450388
450388
450364
446596
450364
450364
455626
454932
455168
3204447604
3204447596
455168
455052
455052
455168
455168
453964
453964
453960
3204447596
446620
446620
446592
455036
455036
450388
450388
450364
446596
450364
450364
455678
455036
455168
3204447604
3204447596
455168
455052
455052
455168
455168
453964
453964
453961
3204447596
446620
446620
446592
454756
454756
450388
450388
450364
446596
450364
450364
455538
454756
455168
455160
446620
3204447608
3204447616
3204447624
3204447632
3204447648
