35272
35274
35276
35278
35280
35282
35396
35398
35400
35402
35404
35406
35408
35410
35494
35496
35498
35412
35414
35416
35418
35420
35422
35424
35426
35428
35430
35434
35438
35442
35444
35446
35448
35452
35456
35458
35460
35462
35464
35466
35468
35470
35472
35474
35478
35482
35484
35486
35488
35490
35492
35494
35496
35498
35412
35414
35416
35418
35420
35422
35424
35426
35428
35430
35434
35438
35442
35444
35446
35448
35452
35456
35458
35460
35462
35464
35466
35468
35470
35472
35474
35478
35482
35484
35486
35488
35490
35492
35494
35496
35498
35412
35414
35416
35418
35420
35422
35424
35426
35428
35430
35434
35438
35442
35444
35446
35448
35452
35456
35458
35460
35462
35464
35466
35468
35470
35472
35474
35478
35482
35484
35486
35488
35490
35492
35494
35496
35498
35412
35414
35416
35418
35420
35422
35424
35426
35428
35430
35434
35438
35442
35444
35446
35448
35452
35456
35458
35460
35462
35464
35466
35468
35470
35472
35474
35478
35482
35484
35486
35488
35490
35492
35494
35496
35498
35412
35414
35416
35418
35420
35422
35424
35426
35428
35430
35434
35438
35442
35444
35446
35448
35452
35456
35458
35460
35462
35464
35466
35468
35470
35472
35474
35478
35482
35484
35486
35488
35490
35492
35494
35496
35498
35412
35414
35416
35418
35420
35422
35424
35426
35428
35430
35434
35438
35442
35444
35446
35448
35452
35456
35458
35460
35462
35464
35466
35468
35470
35472
35474
35478
35482
35484
35486
35488
35490
35492
35494
35496
35498
35412
35414
35416
35418
35420
35422
35424
35426
35428
35430
35434
35438
35442
35444
35446
35448
35452
35456
35458
35460
35462
35464
35466
35468
35470
35472
35474
35478
35482
35484
35486
35488
35490
35492
35494
35496
35498
35412
35414
35416
35418
35420
35422
35424
35426
35428
35430
35434
35438
35442
35444
35446
35448
35452
35456
35458
35460
35462
35464
35466
35468
35470
35472
35474
35478
35482
35484
35486
35488
35490
35492
35494
35496
35498
35412
35414
35416
35418
35420
35422
35424
35426
35428
35430
35434
35438
35442
35444
35446
35448
35452
35456
35458
35460
35462
35464
35466
35468
35470
35472
35474
35478
35482
35484
35486
35488
35490
35492
35494
35496
35498
35412
35414
35416
35418
35420
35422
35424
35426
35428
35430
35434
35438
35442
35444
35446
35448
35452
35456
35458
35460
35462
35464
35466
35468
35470
35472
35474
35478
35482
35484
35486
35488
35490
35492
35494
35496
35498
35412
35414
35416
35418
35420
35422
35424
35426
35428
35430
35434
35438
35442
35444
35446
35448
35452
35456
35458
35460
35462
35464
35466
35468
35470
35472
35474
35478
35482
35484
35486
35488
35490
35492
35494
35496
35498
35412
35414
35416
35418
35420
35422
35424
35426
35428
35430
35434
35438
35442
35444
35446
35448
35452
35456
35458
35460
35462
35464
35466
35468
35470
35472
35474
35478
35482
35484
35486
35488
35490
35492
35494
35496
35498
35412
35414
35416
35418
35420
35422
35424
35426
35428
35430
35434
35438
35442
35444
35446
35448
35452
35456
35458
35460
35462
35464
35466
35468
35470
35472
35474
35478
35482
35484
35486
35488
35490
35492
35494
35496
35498
35412
35414
35416
35418
35420
35422
35424
35426
35428
35430
35434
35438
35442
35444
35446
35448
35452
35456
35458
35460
35462
35464
35466
35468
35470
35472
35474
35478
35482
35484
35486
35488
35490
35492
35494
35496
35498
35412
35414
35416
35418
35420
35422
35424
35426
35428
35430
35434
35438
35442
35444
35446
35448
35452
35456
35458
35460
35462
35464
35466
35468
35470
35472
35474
35478
35482
35484
35486
35488
35490
35492
35494
35496
35498
35412
35414
35416
35418
35420
35422
35424
35426
35428
35430
35434
35438
35442
35444
35446
35448
35452
35456
35458
35460
35462
35464
35466
35468
35470
35472
35474
35478
35482
35484
35486
35488
35490
35492
35494
35496
35498
35412
35414
35416
35418
35420
35422
35424
35426
35428
35430
35434
35438
35442
35444
35446
35448
35452
35456
35458
35460
35462
35464
35466
35468
35470
35472
35474
35478
35482
35484
35486
35488
35490
35492
35494
35496
35498
35412
35414
35416
35418
35420
35422
35424
35426
35428
35430
35434
35438
35442
35444
35446
35448
35452
35456
35458
35460
35462
35464
35466
35468
35470
35472
35474
35478
35482
35484
35486
35488
35490
35492
35494
35496
35498
35412
35414
35416
35418
35420
35422
35424
35426
35428
35430
35434
35438
35442
35444
35446
35448
35452
35456
35458
35460
35462
35464
35466
35468
35470
35472
35474
35478
35482
35484
35486
35488
35490
35492
35494
35496
35498
35412
35414
35416
35418
35420
35422
35424
35426
35428
35430
35434
35438
35442
35444
35446
35448
35452
35456
35458
35460
35462
35464
35466
35468
35470
35472
35474
35478
35482
35484
35486
35488
35490
35492
35494
35496
35498
35412
35414
35416
35418
35420
35422
35424
35426
35428
35430
35434
35438
35442
35444
35446
35448
35452
35456
35458
35460
35462
35464
35466
35468
35470
35472
35474
35478
35482
35484
35486
35488
35490
35492
35494
35496
35498
35412
35414
35416
35418
35420
35422
35424
35426
35428
35430
35434
35438
35442
35444
35446
35448
35452
35456
35458
35460
35462
35464
35466
35468
35470
35472
35474
35478
35482
35484
35486
35488
35490
35492
35494
35496
35498
35412
35414
35416
35418
35420
35422
35424
35426
35428
35430
35434
35438
35442
35444
35446
35448
35452
35456
35458
35460
35462
35464
35466
35468
35470
35472
35474
35478
35482
35484
35486
35488
35490
35492
35494
35496
35498
35412
35414
35416
35418
35420
35422
35424
35426
35428
35430
35434
35438
35442
35444
35446
35448
35452
35456
35458
35460
35462
35464
35466
35468
35470
35472
35474
35478
35482
35484
35486
35488
35490
35492
35494
35496
35498
35412
35414
35416
35418
35420
35422
35424
35426
35428
35430
35434
35438
35442
35444
35446
35448
35452
35456
35458
35460
35462
35464
35466
35468
35470
35472
35474
35478
35482
35484
35486
35488
35490
35492
35494
35496
35498
35412
35414
35416
35418
35420
35422
35424
35426
35428
35430
35434
35438
35442
35444
35446
35448
35452
35456
35458
35460
35462
35464
35466
35468
35470
35472
35474
35478
35482
35484
35486
35488
35490
35492
35494
35496
35498
35412
35414
35416
35418
35420
35422
35424
35426
35428
35430
35434
35438
35442
35444
35446
35448
35452
35456
35458
35460
35462
35464
35466
35468
35470
35472
35474
35478
35482
35484
35486
35488
35490
35492
35494
35496
35498
35412
35414
35416
35418
35420
35422
35424
35426
35428
35430
35434
35438
35442
35444
35446
35448
35452
35456
35458
35460
35462
35464
35466
35468
35470
35472
35474
35478
35482
35484
35486
35488
35490
35492
35494
35496
35498
35412
35414
35416
35418
35420
35422
35424
35426
35428
35430
35434
35438
35442
35444
35446
35448
35452
35456
35458
35460
35462
35464
35466
35468
35470
35472
35474
35478
35482
35484
35486
35488
35490
35492
35494
35496
35498
35412
35414
35416
35418
35420
35422
35424
35426
35428
35430
35434
35438
35442
35444
35446
35448
35452
35456
35458
35460
35462
35464
35466
35468
35470
35472
35474
35478
35482
35484
35486
35488
35490
35492
35494
35496
35498
35412
35414
35416
35418
35420
35422
35424
35426
35428
35430
35434
35438
35442
35444
35446
35448
35452
35456
35458
35460
35462
35464
35466
35468
35470
35472
35474
35478
35482
35484
35486
35488
35490
35492
35494
35496
35498
35412
35414
35416
35418
35420
35422
35424
35426
35428
35430
35434
35438
35442
35444
35446
35448
35452
35456
35458
35460
35462
35464
35466
35468
35470
35472
35474
35478
35482
35484
35486
35488
35490
35492
35494
35496
35498
35412
35414
35416
35418
35420
35422
35424
35426
35428
35430
35434
35438
35442
35444
35446
35448
35452
35456
35458
35460
35462
35464
35466
35468
35470
35472
35474
35478
35482
35484
35486
35488
35490
35492
35494
35496
35498
35412
35414
35416
35418
35420
35422
35424
35426
35428
35430
35434
35438
35442
35444
35446
35448
35452
35456
35458
35460
35462
35464
35466
35468
35470
35472
35474
35478
35482
35484
35486
35488
35490
35492
35494
35496
35498
35412
35414
35416
35418
35420
35422
35424
35426
35428
35430
35434
35438
35442
35444
35446
35448
35452
35456
35458
35460
35462
35464
35466
35468
35470
35472
35474
35478
35482
35484
35486
35488
35490
35492
35494
35496
35498
35412
35414
35416
35418
35420
35422
35424
35426
35428
35430
35434
35438
35442
35444
35446
35448
35452
35456
35458
35460
35462
35464
35466
35468
35470
35472
35474
35478
35482
35484
35486
35488
35490
35492
35494
35496
35498
35412
35414
35416
35418
35420
35422
35424
35426
35428
35430
35434
35438
35442
35444
35446
35448
35452
35456
35458
35460
35462
35464
35466
35468
35470
35472
35474
35478
35482
35484
35486
35488
35490
35492
35494
35496
35498
35412
35414
35416
35418
35420
35422
35424
35426
35428
35430
35434
35438
35442
35444
35446
35448
35452
35456
35458
35460
35462
35464
35466
35468
35470
35472
35474
35478
35482
35484
35486
35488
35490
35492
35494
35496
35498
35412
35414
35416
35418
35420
35422
35424
35426
35428
35430
35434
35438
35442
35444
35446
35448
35452
35456
35458
35460
35462
35464
35466
35468
35470
35472
35474
35478
35482
35484
35486
35488
35490
35492
35494
35496
35498
35412
35414
35416
35418
35420
35422
35424
35426
35428
35430
35434
35438
35442
35444
35446
35448
35452
35456
35458
35460
35462
35464
35466
35468
35470
35472
35474
35478
35482
35484
35486
35488
35490
35492
35494
35496
35498
35412
35414
35416
35418
35420
35422
35424
35426
35428
35430
35434
35438
35442
35444
35446
35448
35452
35456
35458
35460
35462
35464
35466
35468
35470
35472
35474
35478
35482
35484
35486
35488
35490
35492
35494
35496
35498
35412
35414
35416
35418
35420
35422
35424
35426
35428
35430
35434
35438
35442
35444
35446
35448
35452
35456
35458
35460
35462
35464
35466
35468
35470
35472
35474
35478
35482
35484
35486
35488
35490
35492
35494
35496
35498
35412
35414
35416
35418
35420
35422
35424
35426
35428
35430
35434
35438
35442
35444
35446
35448
35452
35456
35458
35460
35462
35464
35466
35468
35470
35472
35474
35478
35482
35484
35486
35488
35490
35492
35494
35496
35498
35412
35414
35416
35418
35420
35422
35424
35426
35428
35430
35434
35438
35442
35444
35446
35448
35452
35456
35458
35460
35462
35464
35466
35468
35470
35472
35474
35478
35482
35484
35486
35488
35490
35492
35494
35496
35498
35412
35414
35416
35418
35420
35422
35424
35426
35428
35430
35434
35438
35442
35444
35446
35448
35452
35456
35458
35460
35462
35464
35466
35468
35470
35472
35474
35478
35482
35484
35486
35488
35490
35492
35494
35496
35498
35412
35414
35416
35418
35420
35422
35424
35426
35428
35430
35434
35438
35442
35444
35446
35448
35452
35456
35458
35460
35462
35464
35466
35468
35470
35472
35474
35478
35482
35484
35486
35488
35490
35492
35494
35496
35498
35412
35414
35416
35418
35420
35422
35424
35426
35428
35430
35434
35438
35442
35444
35446
35448
35452
35456
35458
35460
35462
35464
35466
35468
35470
35472
35474
35478
35482
35484
35486
35488
35490
35492
35494
35496
35498
35412
35414
35416
35418
35420
35422
35424
35426
35428
35430
35434
35438
35442
35444
35446
35448
35452
35456
35458
35460
35462
35464
35466
35468
35470
35472
35474
35478
35482
35484
35486
35488
35490
35492
35494
35496
35498
35412
35414
35416
35418
35420
35422
35424
35426
35428
35430
35434
35438
35442
35444
35446
35448
35452
35456
35458
35460
35462
35464
35466
35468
35470
35472
35474
35478
35482
35484
35486
35488
35490
35492
35494
35496
35498
35412
35414
35416
35418
35420
35422
35424
35426
35428
35430
35434
35438
35442
35444
35446
35448
35452
35456
35458
35460
35462
35464
35466
35468
35470
35472
35474
35478
35482
35484
35486
35488
35490
35492
35494
35496
35498
35500
35502
35504
35508
35286
35290
35294
35296
35298
35302
35306
35308
35310
35312
35316
35320
35322
35326
35330
35332
35334
35338
35342
35344
35346
35350
35354
35358
35362
35364
35368
35372
35376
35380
35382
35512
35516
35518
35520
35522
35526
35530
35532
35534
35538
35542
35544
35546
35550
35554
35556
35558
35562
35566
35568
35570
35574
35578
35580
35582
35586
35590
35592
35594
35598
35602
35606
35608
35612
35616
35618
35620
35624
35628
35630
35632
35636
35638
35642
35646
35648
35652
35656
35658
35660
35662
35666
35672
35676
35680
35682
36516
36518
36520
36524
36528
36530
36532
36534
36538
36542
36544
36546
36548
36552
36556
36558
36560
36562
36566
36570
36572
36574
36578
36582
36584
36588
36592
36594
36596
36598
36602
36606
36608
36610
36616
36618
36620
36624
35686
35688
35690
35694
35698
35702
35704
35712
35716
35706
35710
35712
35716
35706
35710
35712
35716
35706
35710
35712
35716
35706
35710
35712
35716
35706
35710
35712
35716
35706
35710
35712
35716
35706
35710
35712
35716
35706
35710
35712
35716
35718
35722
35726
35730
35734
35736
36360
36362
36364
36366
36368
36370
36372
36376
36380
36382
36386
36388
36392
36396
36398
36402
36404
36408
36410
36414
36416
36420
36422
36426
36428
36432
36434
36438
36440
36444
36446
36450
36452
36456
36458
36462
36464
36468
36470
36474
36476
36480
36482
36484
36486
36488
36490
36492
36392
36396
36398
36402
36404
36408
36410
36414
36416
36420
36422
36426
36428
36432
36434
36438
36440
36444
36446
36450
36452
36456
36458
36462
36464
36468
36470
36474
36476
36480
36482
36484
36486
36488
36490
36492
36392
36396
36398
36402
36404
36408
36410
36414
36416
36420
36422
36426
36428
36432
36434
36438
36440
36444
36446
36450
36452
36456
36458
36462
36464
36468
36470
36474
36476
36480
36482
36484
36486
36488
36490
36492
36392
36396
36398
36402
36404
36408
36410
36414
36416
36420
36422
36426
36428
36432
36434
36438
36440
36444
36446
36450
36452
36456
36458
36462
36464
36468
36470
36474
36476
36480
36482
36484
36486
36488
36490
36492
36392
36396
36398
36402
36404
36408
36410
36414
36416
36420
36422
36426
36428
36432
36434
36438
36440
36444
36446
36450
36452
36456
36458
36462
36464
36468
36470
36474
36476
36480
36482
36484
36486
36488
36490
36492
36392
36396
36398
36402
36404
36408
36410
36414
36416
36420
36422
36426
36428
36432
36434
36438
36440
36444
36446
36450
36452
36456
36458
36462
36464
36468
36470
36474
36476
36480
36482
36484
36486
36488
36490
36492
36392
36396
36398
36402
36404
36408
36410
36414
36416
36420
36422
36426
36428
36432
36434
36438
36440
36444
36446
36450
36452
36456
36458
36462
36464
36468
36470
36474
36476
36480
36482
36484
36486
36488
36490
36492
36392
36396
36398
36402
36404
36408
36410
36414
36416
36420
36422
36426
36428
36432
36434
36438
36440
36444
36446
36450
36452
36456
36458
36462
36464
36468
36470
36474
36476
36480
36482
36484
36486
36488
36490
36492
36392
36396
36398
36402
36404
36408
36410
36414
36416
36420
36422
36426
36428
36432
36434
36438
36440
36444
36446
36450
36452
36456
36458
36462
36464
36468
36470
36474
36476
36480
36482
36484
36486
36488
36490
36492
36392
36396
36398
36402
36404
36408
36410
36414
36416
36420
36422
36426
36428
36432
36434
36438
36440
36444
36446
36450
36452
36456
36458
36462
36464
36468
36470
36474
36476
36480
36482
36484
36486
36488
36490
36492
36392
36396
36398
36402
36404
36408
36410
36414
36416
36420
36422
36426
36428
36432
36434
36438
36440
36444
36446
36450
36452
36456
36458
36462
36464
36468
36470
36474
36476
36480
36482
36484
36486
36488
36490
36492
36392
36396
36398
36402
36404
36408
36410
36414
36416
36420
36422
36426
36428
36432
36434
36438
36440
36444
36446
36450
36452
36456
36458
36462
36464
36468
36470
36474
36476
36480
36482
36484
36486
36488
36490
36492
36392
36396
36398
36402
36404
36408
36410
36414
36416
36420
36422
36426
36428
36432
36434
36438
36440
36444
36446
36450
36452
36456
36458
36462
36464
36468
36470
36474
36476
36480
36482
36484
36486
36488
36490
36492
36392
36396
36398
36402
36404
36408
36410
36414
36416
36420
36422
36426
36428
36432
36434
36438
36440
36444
36446
36450
36452
36456
36458
36462
36464
36468
36470
36474
36476
36480
36482
36484
36486
36488
36490
36492
36392
36396
36398
36402
36404
36408
36410
36414
36416
36420
36422
36426
36428
36432
36434
36438
36440
36444
36446
36450
36452
36456
36458
36462
36464
36468
36470
36474
36476
36480
36482
36484
36486
36488
36490
36492
36392
36396
36398
36402
36404
36408
36410
36414
36416
36420
36422
36426
36428
36432
36434
36438
36440
36444
36446
36450
36452
36456
36458
36462
36464
36468
36470
36474
36476
36480
36482
36484
36486
36488
36490
36492
36494
36496
36504
36506
36498
36500
36502
36504
36506
36508
36510
36512
36514
35740
36082
36086
36090
36092
36094
35742
35744
35746
36516
36518
36520
36524
36528
36530
36532
36534
36538
36542
36544
36546
36548
36552
36556
36558
36560
36562
36566
36570
36572
36574
36578
36582
36584
36588
36592
36594
36596
36598
36602
36606
36608
36610
36616
36618
36620
36624
35750
35752
35754
35758
35762
35764
35766
35770
35774
35776
35780
35784
35786
35790
35792
35796
35800
35804
35808
35812
35814
35832
35836
35840
35844
35846
35848
35940
35944
35948
35950
35952
35956
35960
35962
35964
35968
35972
35974
35978
35982
35984
35986
35988
35992
35996
35998
36000
36002
36006
36010
36012
36014
36018
36022
36026
36030
36034
36038
36082
36086
36090
36092
36094
35742
35744
35746
36516
36518
36520
36524
36528
36530
36532
36534
36538
36542
36544
36546
36548
36552
36556
36558
36560
36562
36566
36570
36572
36574
36578
36582
36584
36588
36592
36594
36596
36598
36602
36606
36608
36610
36616
36618
36620
36624
35750
35752
35754
35758
35762
35764
35766
35770
35774
35776
35780
35784
35786
35790
35792
35796
35800
35804
35808
35812
35814
35832
35836
35840
35844
35846
35848
35940
35944
35948
35950
35952
35956
35960
35962
35964
35968
35972
35974
35978
35982
35984
35986
35988
35992
35996
35998
36000
36002
36006
36010
36012
36014
36018
36022
36026
36030
36034
36038
36082
36086
36090
36092
36094
35742
35744
35746
36516
36518
36520
36524
36528
36530
36532
36534
36538
36542
36544
36546
36548
36552
36556
36558
36560
36562
36566
36570
36572
36574
36578
36582
36584
36588
36592
36594
36596
36598
36602
36606
36608
36610
36616
36618
36620
36624
35750
35752
35754
35758
35762
35764
35766
35770
35774
35776
35780
35784
35786
35790
35792
35796
35800
35804
35808
35812
35814
35832
35836
35840
35844
35846
35848
35940
35944
35948
35950
35952
35956
35960
35962
35964
35968
35972
35974
35978
35982
35984
35986
35988
35992
35996
35998
36000
36002
36006
36010
36012
36014
36018
36022
36026
36030
36034
36038
36082
36086
36090
36092
36094
35742
35744
35746
36516
36518
36520
36524
36528
36530
36532
36534
36538
36542
36544
36546
36548
36552
36556
36558
36560
36562
36566
36570
36572
36574
36578
36582
36584
36588
36592
36594
36596
36598
36602
36606
36608
36610
36616
36618
36620
36624
35750
35752
35754
35758
35762
35764
35766
35770
35774
35776
35780
35784
35786
35790
35792
35796
35800
35804
35808
35812
35814
35832
35836
35840
35844
35846
35848
35940
35944
35948
35950
35952
35956
35960
35962
35964
35968
35972
35974
35978
35982
35984
35986
35988
35992
35996
35998
36000
36002
36006
36010
36012
36014
36018
36022
36026
36030
36034
36038
36082
36086
36090
36092
36094
35742
35744
35746
36516
36518
36520
36524
36528
36530
36532
36534
36538
36542
36544
36546
36548
36552
36556
36558
36560
36562
36566
36570
36572
36574
36578
36582
36584
36588
36592
36594
36596
36598
36602
36606
36608
36610
36616
36618
36620
36624
35750
35752
35754
35758
35762
35764
35766
35770
35774
35776
35780
35784
35786
35790
35792
35796
35800
35804
35808
35812
35814
35832
35836
35840
35844
35846
35848
35940
35944
35948
35950
35952
35956
35960
35962
35964
35968
35972
35974
35978
35982
35984
35986
35988
35992
35996
35998
36000
36002
36006
36010
36012
36014
36018
36022
36026
36030
36034
36038
36082
36086
36090
36092
36094
35742
35744
35746
36516
36518
36520
36524
36528
36530
36532
36534
36538
36542
36544
36546
36548
36552
36556
36558
36560
36562
36566
36570
36572
36574
36578
36582
36584
36588
36592
36594
36596
36598
36602
36606
36608
36610
36616
36618
36620
36624
35750
35752
35754
35758
35762
35764
35766
35770
35774
35776
35780
35784
35786
35790
35792
35796
35800
35804
35808
35812
35814
35832
35836
35840
35844
35846
35848
35940
35944
35948
35950
35952
35956
35960
35962
35964
35968
35972
35974
35978
35982
35984
35986
35988
35992
35996
35998
36000
36002
36006
36010
36012
36014
36018
36022
36026
36030
36034
36038
36082
36086
36090
36092
36094
35742
35744
35746
36516
36518
36520
36524
36528
36530
36532
36534
36538
36542
36544
36546
36548
36552
36556
36558
36560
36562
36566
36570
36572
36574
36578
36582
36584
36588
36592
36594
36596
36598
36602
36606
36608
36610
36616
36618
36620
36624
35750
35752
35754
35758
35762
35764
35766
35770
35774
35776
35780
35784
35786
35790
35792
35796
35800
35804
35808
35812
35814
35832
35836
35840
35844
35846
35848
35940
35944
35948
35950
35952
35956
35960
35962
35964
35968
35972
35974
35978
35982
35984
35986
35988
35992
35996
35998
36000
36002
36006
36010
36012
36014
36018
36022
36026
36030
36034
36038
36082
36086
36090
36092
36094
35742
35744
35746
36516
36518
36520
36524
36528
36530
36532
36534
36538
36542
36544
36546
36548
36552
36556
36558
36560
36562
36566
36570
36572
36574
36578
36582
36584
36588
36592
36594
36596
36598
36602
36606
36608
36610
36616
36618
36620
36624
35750
35752
35754
35758
35762
35764
35766
35770
35774
35776
35780
35784
35786
35790
35792
35796
35800
35804
35808
35812
35814
35832
35836
35840
35844
35846
35848
35940
35944
35948
35950
35952
35956
35960
35962
35964
35968
35972
35974
35978
35982
35984
35986
35988
35992
35996
35998
36000
36002
36006
36010
36012
36014
36018
36022
36026
36030
36034
36038
36082
36086
36090
36092
36094
35742
35744
35746
36516
36518
36520
36524
36528
36530
36532
36534
36538
36542
36544
36546
36548
36552
36556
36558
36560
36562
36566
36570
36572
36574
36578
36582
36584
36588
36592
36594
36596
36598
36602
36606
36608
36610
36616
36618
36620
36624
35750
35752
35754
35758
35762
35764
35766
35770
35774
35776
35780
35784
35786
35790
35792
35796
35800
35804
35808
35812
35814
35832
35836
35840
35844
35846
35848
35940
35944
35948
35950
35952
35956
35960
35962
35964
35968
35972
35974
35978
35982
35984
35986
35988
35992
35996
35998
36000
36002
36006
36010
36012
36014
36018
36022
36026
36030
36034
36038
36082
36086
36090
36092
36094
35742
35744
35746
36516
36518
36520
36524
36528
36530
36532
36534
36538
36542
36544
36546
36548
36552
36556
36558
36560
36562
36566
36570
36572
36574
36578
36582
36584
36588
36592
36594
36596
36598
36602
36606
36608
36610
36616
36618
36620
36624
35750
35752
35754
35758
35762
35764
35766
35770
35774
35776
35780
35784
35786
35790
35792
35796
35800
35804
35808
35812
35814
35832
35836
35840
35844
35846
35848
35940
35944
35948
35950
35952
35956
35960
35962
35964
35968
35972
35974
35978
35982
35984
35986
35988
35992
35996
35998
36000
36002
36006
36010
36012
36014
36018
36022
36026
36030
36034
36038
36082
36086
36090
36092
36094
35742
35744
35746
36516
36518
36520
36524
36528
36530
36532
36534
36538
36542
36544
36546
36548
36552
36556
36558
36560
36562
36566
36570
36572
36574
36578
36582
36584
36588
36592
36594
36596
36598
36602
36606
36608
36610
36616
36618
36620
36624
35750
35752
35754
35758
35762
35764
35766
35770
35774
35776
35780
35784
35786
35790
35792
35796
35800
35804
35808
35812
35814
35832
35836
35840
35844
35846
35848
35940
35944
35948
35950
35952
35956
35960
35962
35964
35968
35972
35974
35978
35982
35984
35986
35988
35992
35996
35998
36000
36002
36006
36010
36012
36014
36018
36022
36026
36030
36034
36038
36082
36086
36090
36092
36094
35742
35744
35746
36516
36518
36520
36524
36528
36530
36532
36534
36538
36542
36544
36546
36548
36552
36556
36558
36560
36562
36566
36570
36572
36574
36578
36582
36584
36588
36592
36594
36596
36598
36602
36606
36608
36610
36616
36618
36620
36624
35750
35752
35754
35758
35762
35764
35766
35770
35774
35776
35780
35784
35786
35790
35792
35796
35800
35804
35808
35812
35814
35832
35836
35840
35844
35846
35848
35940
35944
35948
35950
35952
35956
35960
35962
35964
35968
35972
35974
35978
35982
35984
35986
35988
35992
35996
35998
36000
36002
36006
36010
36012
36014
36018
36022
36026
36030
36034
36038
36082
36086
36090
36092
36094
35742
35744
35746
36516
36518
36520
36524
36528
36530
36532
36534
36538
36542
36544
36546
36548
36552
36556
36558
36560
36562
36566
36570
36572
36574
36578
36582
36584
36588
36592
36594
36596
36598
36602
36606
36608
36610
36616
36618
36620
36624
35750
35752
35754
35758
35762
35764
35766
35770
35774
35776
35780
35784
35786
35790
35792
35796
35800
35804
35808
35812
35814
35832
35836
35840
35844
35846
35848
35940
35944
35948
35950
35952
35956
35960
35962
35964
35968
35972
35974
35978
35982
35984
35986
35988
35992
35996
35998
36000
36002
36006
36010
36012
36014
36018
36022
36026
36030
36034
36038
36082
36086
36090
36092
36094
35742
35744
35746
36516
36518
36520
36524
36528
36530
36532
36534
36538
36542
36544
36546
36548
36552
36556
36558
36560
36562
36566
36570
36572
36574
36578
36582
36584
36588
36592
36594
36596
36598
36602
36606
36608
36610
36616
36618
36620
36624
35750
35752
35754
35758
35762
35764
35766
35770
35774
35776
35780
35784
35786
35790
35792
35796
35800
35804
35808
35812
35814
35832
35836
35840
35844
35846
35848
35940
35944
35948
35950
35952
35956
35960
35962
35964
35968
35972
35974
35978
35982
35984
35986
35988
35992
35996
35998
36000
36002
36006
36010
36012
36014
36018
36022
36026
36030
36034
36038
36082
36086
36090
36092
36094
35742
35744
35746
36516
36518
36520
36524
36528
36530
36532
36534
36538
36542
36544
36546
36548
36552
36556
36558
36560
36562
36566
36570
36572
36574
36578
36582
36584
36588
36592
36594
36596
36598
36602
36606
36608
36610
36616
36618
36620
36624
35750
35752
35754
35758
35762
35764
35766
35770
35774
35776
35780
35784
35786
35790
35792
35796
35800
35804
35808
35812
35814
35832
35836
35840
35844
35846
35848
35940
35944
35948
35950
35952
35956
35960
35962
35964
35968
35972
35974
35978
35982
35984
35986
35988
35992
35996
35998
36000
36002
36006
36010
36012
36014
36018
36022
36026
36030
36034
36038
36082
36086
36090
36092
36094
35742
35744
35746
36516
36518
36520
36524
36528
36530
36532
36534
36538
36542
36544
36546
36548
36552
36556
36558
36560
36562
36566
36570
36572
36574
36578
36582
36584
36588
36592
36594
36596
36598
36602
36606
36608
36610
36616
36618
36620
36624
35750
35752
35754
35758
35762
35764
35766
35770
35774
35776
35780
35784
35786
35790
35792
35796
35800
35804
35808
35812
35814
35832
35836
35840
35844
35846
35848
35940
35944
35948
35950
35952
35956
35960
35962
35964
35968
35972
35974
35978
35982
35984
35986
35988
35992
35996
35998
36000
36002
36006
36010
36012
36014
36018
36022
36026
36030
36034
36038
36082
36086
36090
36092
36094
35742
35744
35746
36516
36518
36520
36524
36528
36530
36532
36534
36538
36542
36544
36546
36548
36552
36556
36558
36560
36562
36566
36570
36572
36574
36578
36582
36584
36588
36592
36594
36596
36598
36602
36606
36608
36610
36616
36618
36620
36624
35750
35752
35754
35758
35762
35764
35766
35770
35774
35776
35780
35784
35786
35790
35792
35796
35800
35804
35808
35812
35814
35832
35836
35840
35844
35846
35848
35940
35944
35948
35950
35952
35956
35960
35962
35964
35968
35972
35974
35978
35982
35984
35986
35988
35992
35996
35998
36000
36002
36006
36010
36012
36014
36018
36022
36026
36030
36034
36038
36082
36086
36090
36092
36094
35742
35744
35746
36516
36518
36520
36524
36528
36530
36532
36534
36538
36542
36544
36546
36548
36552
36556
36558
36560
36562
36566
36570
36572
36574
36578
36582
36584
36588
36592
36594
36596
36598
36602
36606
36608
36610
36616
36618
36620
36624
35750
35752
35754
35758
35762
35764
35766
35770
35774
35776
35780
35784
35786
35790
35792
35796
35800
35804
35808
35812
35814
35832
35836
35840
35844
35846
35848
35940
35944
35948
35950
35952
35956
35960
35962
35964
35968
35972
35974
35978
35982
35984
35986
35988
35992
35996
35998
36000
36002
36006
36010
36012
36014
36018
36022
36026
36030
36034
36038
36082
36086
36090
36092
36094
35742
35744
35746
36516
36518
36520
36524
36528
36530
36532
36534
36538
36542
36544
36546
36548
36552
36556
36558
36560
36562
36566
36570
36572
36574
36578
36582
36584
36588
36592
36594
36596
36598
36602
36606
36608
36610
36616
36618
36620
36624
35750
35752
35754
35758
35762
35764
35766
35770
35774
35776
35780
35784
35786
35790
35792
35796
35800
35804
35808
35812
35814
35832
35836
35840
35844
35846
35848
35940
35944
35948
35950
35952
35956
35960
35962
35964
35968
35972
35974
35978
35982
35984
35986
35988
35992
35996
35998
36000
36002
36006
36010
36012
36014
36018
36022
36026
36030
36034
36038
36082
36086
36090
36092
36094
35742
35744
35746
36516
36518
36520
36524
36528
36530
36532
36534
36538
36542
36544
36546
36548
36552
36556
36558
36560
36562
36566
36570
36572
36574
36578
36582
36584
36588
36592
36594
36596
36598
36602
36606
36608
36610
36616
36618
36620
36624
35750
35752
35754
35758
35762
35764
35766
35770
35774
35776
35780
35784
35786
35790
35792
35796
35800
35804
35808
35812
35814
35832
35836
35840
35844
35846
35848
35940
35944
35948
35950
35952
35956
35960
35962
35964
35968
35972
35974
35978
35982
35984
35986
35988
35992
35996
35998
36000
36002
36006
36010
36012
36014
36018
36022
36026
36030
36034
36038
36082
36086
36090
36092
36094
35742
35744
35746
36516
36518
36520
36524
36528
36530
36532
36534
36538
36542
36544
36546
36548
36552
36556
36558
36560
36562
36566
36570
36572
36574
36578
36582
36584
36588
36592
36594
36596
36598
36602
36606
36608
36610
36616
36618
36620
36624
35750
35752
35754
35758
35762
35764
35766
35770
35774
35776
35780
35784
35786
35790
35792
35796
35800
35804
35808
35812
35814
35832
35836
35840
35844
35846
35848
35940
35944
35948
35950
35952
35956
35960
35962
35964
35968
35972
35974
35978
35982
35984
35986
35988
35992
35996
35998
36000
36002
36006
36010
36012
36014
36018
36022
36026
36030
36034
36038
36082
36086
36090
36092
36094
35742
35744
35746
36516
36518
36520
36524
36528
36530
36532
36534
36538
36542
36544
36546
36548
36552
36556
36558
36560
36562
36566
36570
36572
36574
36578
36582
36584
36588
36592
36594
36596
36598
36602
36606
36608
36610
36616
36618
36620
36624
35750
35752
35754
35758
35762
35764
35766
35770
35774
35776
35780
35784
35786
35790
35792
35796
35800
35804
35808
35812
35814
35832
35836
35840
35844
35846
35848
35940
35944
35948
35950
35952
35956
35960
35962
35964
35968
35972
35974
35978
35982
35984
35986
35988
35992
35996
35998
36000
36002
36006
36010
36012
36014
36018
36022
36026
36030
36034
36038
36082
36086
36090
36092
36094
35742
35744
35746
36516
36518
36520
36524
36528
36530
36532
36534
36538
36542
36544
36546
36548
36552
36556
36558
36560
36562
36566
36570
36572
36574
36578
36582
36584
36588
36592
36594
36596
36598
36602
36606
36608
36610
36616
36618
36620
36624
35750
35752
35754
35758
35762
35764
35766
35770
35774
35776
35780
35784
35786
35790
35792
35796
35800
35804
35808
35812
35814
35832
35836
35840
35844
35846
35848
35940
35944
35948
35950
35952
35956
35960
35962
35964
35968
35972
35974
35978
35982
35984
35986
35988
35992
35996
35998
36000
36002
36006
36010
36012
36014
36018
36022
36026
36030
36034
36038
36082
36086
36090
36092
36094
35742
35744
35746
36516
36518
36520
36524
36528
36530
36532
36534
36538
36542
36544
36546
36548
36552
36556
36558
36560
36562
36566
36570
36572
36574
36578
36582
36584
36588
36592
36594
36596
36598
36602
36606
36608
36610
36616
36618
36620
36624
35750
35752
35754
35758
35762
35764
35766
35770
35774
35776
35780
35784
35786
35790
35792
35796
35800
35804
35808
35812
35814
35832
35836
35840
35844
35846
35848
35940
35944
35948
35950
35952
35956
35960
35962
35964
35968
35972
35974
35978
35982
35984
35986
35988
35992
35996
35998
36000
36002
36006
36010
36012
36014
36018
36022
36026
36030
36034
36038
36082
36086
36090
36092
36094
35742
35744
35746
36516
36518
36520
36524
36528
36530
36532
36534
36538
36542
36544
36546
36548
36552
36556
36558
36560
36562
36566
36570
36572
36574
36578
36582
36584
36588
36592
36594
36596
36598
36602
36606
36608
36610
36616
36618
36620
36624
35750
35752
35754
35758
35762
35764
35766
35770
35774
35776
35780
35784
35786
35790
35792
35796
35800
35804
35808
35812
35814
35832
35836
35840
35844
35846
35848
35940
35944
35948
35950
35952
35956
35960
35962
35964
35968
35972
35974
35978
35982
35984
35986
35988
35992
35996
35998
36000
36002
36006
36010
36012
36014
36018
36022
36026
36030
36034
36038
36082
36086
36090
36092
36094
35742
35744
35746
36516
36518
36520
36524
36528
36530
36532
36534
36538
36542
36544
36546
36548
36552
36556
36558
36560
36562
36566
36570
36572
36574
36578
36582
36584
36588
36592
36594
36596
36598
36602
36606
36608
36610
36616
36618
36620
36624
35750
35752
35754
35758
35762
35764
35766
35770
35774
35776
35780
35784
35786
35790
35792
35796
35800
35804
35808
35812
35814
35832
35836
35840
35844
35846
35848
35940
35944
35948
35950
35952
35956
35960
35962
35964
35968
35972
35974
35978
35982
35984
35986
35988
35992
35996
35998
36000
36002
36006
36010
36012
36014
36018
36022
36026
36030
36034
36038
36082
36086
36090
36092
36094
35742
35744
35746
36516
36518
36520
36524
36528
36530
36532
36534
36538
36542
36544
36546
36548
36552
36556
36558
36560
36562
36566
36570
36572
36574
36578
36582
36584
36588
36592
36594
36596
36598
36602
36606
36608
36610
36616
36618
36620
36624
35750
35752
35754
35758
35762
35764
35766
35770
35774
35776
35780
35784
35786
35790
35792
35796
35800
35804
35808
35812
35814
35832
35836
35840
35844
35846
35848
35940
35944
35948
35950
35952
35956
35960
35962
35964
35968
35972
35974
35978
35982
35984
35986
35988
35992
35996
35998
36000
36002
36006
36010
36012
36014
36018
36022
36026
36030
36034
36038
36082
36086
36090
36092
36094
35742
35744
35746
36516
36518
36520
36524
36528
36530
36532
36534
36538
36542
36544
36546
36548
36552
36556
36558
36560
36562
36566
36570
36572
36574
36578
36582
36584
36588
36592
36594
36596
36598
36602
36606
36608
36610
36616
36618
36620
36624
35750
35752
35754
35758
35762
35764
35766
35770
35774
35776
35780
35784
35786
35790
35792
35796
35800
35804
35808
35812
35814
35832
35836
35840
35844
35846
35850
35854
35856
35860
35862
35864
35868
35872
35876
35880
35882
35900
35904
35908
35912
35914
35940
35944
35948
35950
35952
35956
35960
35962
35964
35968
35972
35974
35978
35982
35984
35986
35988
35992
35996
35998
36000
36002
36006
36010
36012
36014
36018
36022
36026
36030
36034
36038
36082
36086
36090
36092
36094
35742
35744
35746
36516
36518
36520
36524
36528
36530
36532
36534
36538
36542
36544
36546
36548
36552
36556
36558
36560
36562
36566
36570
36572
36574
36578
36582
36584
36588
36592
36594
36596
36598
36602
36606
36608
36610
36616
36618
36620
36624
35750
35752
35754
35758
35762
35764
35766
35770
35774
35776
35780
35784
35786
35790
35792
35796
35800
35804
35808
35812
35814
35832
35836
35840
35844
35846
35848
35940
35944
35948
35950
35952
35956
35960
35962
35964
35968
35972
35974
35978
35982
35984
35986
35988
35992
35996
35998
36000
36002
36006
36010
36012
36014
36018
36022
36026
36030
36034
36038
36082
36086
36090
36092
36094
35742
35744
35746
36516
36518
36520
36524
36528
36530
36532
36534
36538
36542
36544
36546
36548
36552
36556
36558
36560
36562
36566
36570
36572
36574
36578
36582
36584
36588
36592
36594
36596
36598
36602
36606
36608
36610
36616
36618
36620
36624
35750
35752
35754
35758
35762
35764
35766
35770
35774
35776
35780
35784
35786
35790
35792
35796
35800
35804
35808
35812
35814
35832
35836
35840
35844
35846
35848
35940
35944
35948
35950
35952
35956
35960
35962
35964
35968
35972
35974
35978
35982
35984
35986
35988
35992
35996
35998
36000
36002
36006
36010
36012
36014
36018
36022
36026
36030
36034
36038
36082
36086
36090
36092
36094
35742
35744
35746
36516
36518
36520
36524
36528
36530
36532
36534
36538
36542
36544
36546
36548
36552
36556
36558
36560
36562
36566
36570
36572
36574
36578
36582
36584
36588
36592
36594
36596
36598
36602
36606
36608
36610
36616
36618
36620
36624
35750
35752
35754
35758
35762
35764
35766
35770
35774
35776
35780
35784
35786
35790
35792
35796
35800
35804
35808
35812
35814
35832
35836
35840
35844
35846
35848
35940
35944
35948
35950
35952
35956
35960
35962
35964
35968
35972
35974
35978
35982
35984
35986
35988
35992
35996
35998
36000
36002
36006
36010
36012
36014
36018
36022
36026
36030
36034
36038
36082
36086
36090
36092
36094
35742
35744
35746
36516
36518
36520
36524
36528
36530
36532
36534
36538
36542
36544
36546
36548
36552
36556
36558
36560
36562
36566
36570
36572
36574
36578
36582
36584
36588
36592
36594
36596
36598
36602
36606
36608
36610
36616
36618
36620
36624
35750
35752
35754
35758
35762
35764
35766
35770
35774
35776
35780
35784
35786
35790
35792
35796
35800
35804
35808
35812
35814
35832
35836
35840
35844
35846
35848
35940
35944
35948
35950
35952
35956
35960
35962
35964
35968
35972
35974
35978
35982
35984
35986
35988
35992
35996
35998
36000
36002
36006
36010
36012
36014
36018
36022
36026
36030
36034
36038
36082
36086
36090
36092
36094
35742
35744
35746
36516
36518
36520
36524
36528
36530
36532
36534
36538
36542
36544
36546
36548
36552
36556
36558
36560
36562
36566
36570
36572
36574
36578
36582
36584
36588
36592
36594
36596
36598
36602
36606
36608
36610
36616
36618
36620
36624
35750
35752
35754
35758
35762
35764
35766
35770
35774
35776
35780
35784
35786
35790
35792
35796
35800
35804
35808
35812
35814
35832
35836
35840
35844
35846
35848
35940
35944
35948
35950
35952
35956
35960
35962
35964
35968
35972
35974
35978
35982
35984
35986
35988
35992
35996
35998
36000
36002
36006
36010
36012
36014
36018
36022
36026
36030
36034
36038
36082
36086
36090
36092
36094
35742
35744
35746
36516
36518
36520
36524
36528
36530
36532
36534
36538
36542
36544
36546
36548
36552
36556
36558
36560
36562
36566
36570
36572
36574
36578
36582
36584
36588
36592
36594
36596
36598
36602
36606
36608
36610
36616
36618
36620
36624
35750
35752
35754
35758
35762
35764
35766
35770
35774
35776
35780
35784
35786
35790
35792
35796
35800
35804
35808
35812
35814
35832
35836
35840
35844
35846
35848
35940
35944
35948
35950
35952
35956
35960
35962
35964
35968
35972
35974
35978
35982
35984
35986
35988
35992
35996
35998
36000
36002
36006
36010
36012
36014
36018
36022
36026
36030
36034
36038
36082
36086
36090
36092
36094
35742
35744
35746
36516
36518
36520
36524
36528
36530
36532
36534
36538
36542
36544
36546
36548
36552
36556
36558
36560
36562
36566
36570
36572
36574
36578
36582
36584
36588
36592
36594
36596
36598
36602
36606
36608
36610
36616
36618
36620
36624
35750
35752
35754
35758
35762
35764
35766
35770
35774
35776
35780
35784
35786
35790
35792
35796
35800
35804
35808
35812
35814
35832
35836
35840
35844
35846
35848
35940
35944
35948
35950
35952
35956
35960
35962
35964
35968
35972
35974
35978
35982
35984
35986
35988
35992
35996
35998
36000
36002
36006
36010
36012
36014
36018
36022
36026
36030
36034
36038
36082
36086
36090
36092
36094
35742
35744
35746
36516
36518
36520
36524
36528
36530
36532
36534
36538
36542
36544
36546
36548
36552
36556
36558
36560
36562
36566
36570
36572
36574
36578
36582
36584
36588
36592
36594
36596
36598
36602
36606
36608
36610
36616
36618
36620
36624
35750
35752
35754
35758
35762
35764
35766
35770
35774
35776
35780
35784
35786
35790
35792
35796
35800
35804
35808
35812
35814
35832
35836
35840
35844
35846
35848
35940
35944
35948
35950
35952
35956
35960
35962
35964
35968
35972
35974
35978
35982
35984
35986
35988
35992
35996
35998
36000
36002
36006
36010
36012
36014
36018
36022
36026
36030
36034
36038
36082
36086
36090
36092
36094
35742
35744
35746
36516
36518
36520
36524
36528
36530
36532
36534
36538
36542
36544
36546
36548
36552
36556
36558
36560
36562
36566
36570
36572
36574
36578
36582
36584
36588
36592
36594
36596
36598
36602
36606
36608
36610
36616
36618
36620
36624
35750
35752
35754
35758
35762
35764
35766
35770
35774
35776
35780
35784
35786
35790
35792
35796
35800
35804
35808
35812
35814
35832
35836
35840
35844
35846
35848
35940
35944
35948
35950
35952
35956
35960
35962
35964
35968
35972
35974
35978
35982
35984
35986
35988
35992
35996
35998
36000
36002
36006
36010
36012
36014
36018
36022
36026
36030
36034
36038
36082
36086
36090
36092
36094
35742
35744
35746
36516
36518
36520
36524
36528
36530
36532
36534
36538
36542
36544
36546
36548
36552
36556
36558
36560
36562
36566
36570
36572
36574
36578
36582
36584
36588
36592
36594
36596
36598
36602
36606
36608
36610
36616
36618
36620
36624
35750
35752
35754
35758
35762
35764
35766
35770
35774
35776
35780
35784
35786
35790
35792
35796
35800
35804
35808
35812
35814
35832
35836
35840
35844
35846
35848
35940
35944
35948
35950
35952
35956
35960
35962
35964
35968
35972
35974
35978
35982
35984
35986
35988
35992
35996
35998
36000
36002
36006
36010
36012
36014
36018
36022
36026
36030
36034
36038
36082
36086
36090
36092
36094
35742
35744
35746
36516
36518
36520
36524
36528
36530
36532
36534
36538
36542
36544
36546
36548
36552
36556
36558
36560
36562
36566
36570
36572
36574
36578
36582
36584
36588
36592
36594
36596
36598
36602
36606
36608
36610
36616
36618
36620
36624
35750
35752
35754
35758
35762
35764
35766
35770
35774
35776
35780
35784
35786
35790
35792
35796
35800
35804
35808
35812
35814
35832
35836
35840
35844
35846
35848
35940
35944
35948
35950
35952
35956
35960
35962
35964
35968
35972
35974
35978
35982
35984
35986
35988
35992
35996
35998
36000
36002
36006
36010
36012
36014
36018
36022
36026
36030
36034
36038
36082
36086
36090
36092
36094
35742
35744
35746
36516
36518
36520
36524
36528
36530
36532
36534
36538
36542
36544
36546
36548
36552
36556
36558
36560
36562
36566
36570
36572
36574
36578
36582
36584
36588
36592
36594
36596
36598
36602
36606
36608
36610
36616
36618
36620
36624
35750
35752
35754
35758
35762
35764
35766
35770
35774
35776
35780
35784
35786
35790
35792
35796
35800
35804
35808
35812
35814
35832
35836
35840
35844
35846
35848
35940
35944
35948
35950
35952
35956
35960
35962
35964
35968
35972
35974
35978
35982
35984
35986
35988
35992
35996
35998
36000
36002
36006
36010
36012
36014
36018
36022
36026
36030
36034
36038
36082
36086
36090
36092
36094
35742
35744
35746
36516
36518
36520
36524
36528
36530
36532
36534
36538
36542
36544
36546
36548
36552
36556
36558
36560
36562
36566
36570
36572
36574
36578
36582
36584
36588
36592
36594
36596
36598
36602
36606
36608
36610
36616
36618
36620
36624
35750
35752
35754
35758
35762
35764
35766
35770
35774
35776
35780
35784
35786
35790
35792
35796
35800
35804
35808
35812
35814
35832
35836
35840
35844
35846
35848
35940
35944
35948
35950
35952
35956
35960
35962
35964
35968
35972
35974
35978
35982
35984
35986
35988
35992
35996
35998
36000
36002
36006
36010
36012
36014
36018
36022
36026
36030
36034
36038
36082
36086
36090
36092
36094
35742
35744
35746
36516
36518
36520
36524
36528
36530
36532
36534
36538
36542
36544
36546
36548
36552
36556
36558
36560
36562
36566
36570
36572
36574
36578
36582
36584
36588
36592
36594
36596
36598
36602
36606
36608
36610
36616
36618
36620
36624
35750
35752
35754
35758
35762
35764
35766
35770
35774
35776
35780
35784
35786
35790
35792
35796
35800
35804
35808
35812
35814
35832
35836
35840
35844
35846
35848
35940
35944
35948
35950
35952
35956
35960
35962
35964
35968
35972
35974
35978
35982
35984
35986
35988
35992
35996
35998
36000
36002
36006
36010
36012
36014
36018
36022
36026
36030
36034
36038
36082
36086
36090
36092
36094
35742
35744
35746
36516
36518
36520
36524
36528
36530
36532
36534
36538
36542
36544
36546
36548
36552
36556
36558
36560
36562
36566
36570
36572
36574
36578
36582
36584
36588
36592
36594
36596
36598
36602
36606
36608
36610
36616
36618
36620
36624
35750
35752
35754
35758
35762
35764
35766
35770
35774
35776
35780
35784
35786
35790
35792
35796
35800
35804
35808
35812
35814
35832
35836
35840
35844
35846
35848
35940
35944
35948
35950
35952
35956
35960
35962
35964
35968
35972
35974
35978
35982
35984
35986
35988
35992
35996
35998
36000
36002
36006
36010
36012
36014
36018
36022
36026
36030
36034
36038
36082
36086
36090
36092
36094
35742
35744
35746
36516
36518
36520
36524
36528
36530
36532
36534
36538
36542
36544
36546
36548
36552
36556
36558
36560
36562
36566
36570
36572
36574
36578
36582
36584
36588
36592
36594
36596
36598
36602
36606
36608
36610
36616
36618
36620
36624
35750
35752
35754
35758
35762
35764
35766
35770
35774
35776
35780
35784
35786
35790
35792
35796
35800
35804
35808
35812
35814
35832
35836
35840
35844
35846
35848
35940
35944
35948
35950
35952
35956
35960
35962
35964
35968
35972
35974
35978
35982
35984
35986
35988
35992
35996
35998
36000
36002
36006
36010
36012
36014
36018
36022
36026
36030
36034
36038
36082
36086
36090
36092
36094
35742
35744
35746
36516
36518
36520
36524
36528
36530
36532
36534
36538
36542
36544
36546
36548
36552
36556
36558
36560
36562
36566
36570
36572
36574
36578
36582
36584
36588
36592
36594
36596
36598
36602
36606
36608
36610
36616
36618
36620
36624
35750
35752
35754
35758
35762
35764
35766
35770
35774
35776
35780
35784
35786
35790
35792
35796
35800
35804
35808
35812
35814
35832
35836
35840
35844
35846
35848
35940
35944
35948
35950
35952
35956
35960
35962
35964
35968
35972
35974
35978
35982
35984
35986
35988
35992
35996
35998
36000
36002
36006
36010
36012
36014
36018
36022
36026
36030
36034
36038
36082
36086
36090
36092
36094
35742
35744
35746
36516
36518
36520
36524
36528
36530
36532
36534
36538
36542
36544
36546
36548
36552
36556
36558
36560
36562
36566
36570
36572
36574
36578
36582
36584
36588
36592
36594
36596
36598
36602
36606
36608
36610
36616
36618
36620
36624
35750
35752
35754
35758
35762
35764
35766
35770
35774
35776
35780
35784
35786
35790
35792
35796
35800
35804
35808
35812
35814
35832
35836
35840
35844
35846
35848
35940
35944
35948
35950
35952
35956
35960
35962
35964
35968
35972
35974
35978
35982
35984
35986
35988
35992
35996
35998
36000
36002
36006
36010
36012
36014
36018
36022
36026
36030
36034
36038
36082
36086
36090
36092
36094
35742
35744
35746
36516
36518
36520
36524
36528
36530
36532
36534
36538
36542
36544
36546
36548
36552
36556
36558
36560
36562
36566
36570
36572
36574
36578
36582
36584
36588
36592
36594
36596
36598
36602
36606
36608
36610
36616
36618
36620
36624
35750
35752
35754
35758
35762
35764
35766
35770
35774
35776
35780
35784
35786
35790
35792
35796
35800
35804
35808
35812
35814
35832
35836
35840
35844
35846
35848
35940
35944
35948
35950
35952
35956
35960
35962
35964
35968
35972
35974
35978
35982
35984
35986
35988
35992
35996
35998
36000
36002
36006
36010
36012
36014
36018
36022
36026
36030
36034
36038
36082
36086
36090
36092
36094
35742
35744
35746
36516
36518
36520
36524
36528
36530
36532
36534
36538
36542
36544
36546
36548
36552
36556
36558
36560
36562
36566
36570
36572
36574
36578
36582
36584
36588
36592
36594
36596
36598
36602
36606
36608
36610
36616
36618
36620
36624
35750
35752
35754
35758
35762
35764
35766
35770
35774
35776
35780
35784
35786
35790
35792
35796
35800
35804
35808
35812
35814
35832
35836
35840
35844
35846
35848
35940
35944
35948
35950
35952
35956
35960
35962
35964
35968
35972
35974
35978
35982
35984
35986
35988
35992
35996
35998
36000
36002
36006
36010
36012
36014
36018
36022
36026
36030
36034
36038
36082
36086
36090
36092
36094
35742
35744
35746
36516
36518
36520
36524
36528
36530
36532
36534
36538
36542
36544
36546
36548
36552
36556
36558
36560
36562
36566
36570
36572
36574
36578
36582
36584
36588
36592
36594
36596
36598
36602
36606
36608
36610
36616
36618
36620
36624
35750
35752
35754
35758
35762
35764
35766
35770
35774
35776
35780
35784
35786
35790
35792
35796
35800
35804
35808
35812
35814
35832
35836
35840
35844
35846
35848
35940
35944
35948
35950
35952
35956
35960
35962
35964
35968
35972
35974
35978
35982
35984
35986
35988
35992
35996
35998
36000
36002
36006
36010
36012
36014
36018
36022
36026
36030
36034
36038
36082
36086
36090
36092
36094
36098
36102
36106
36108
36112
36116
36118
36120
36134
36136
36138
36140
35386
35388
35390
35392
35394
