37744
37746
37748
37750
37752
37754
37756
37758
37560
37562
37564
37566
37568
37570
37572
37722
37724
37726
37574
37576
37578
37580
37582
37628
37630
37632
37634
37716
37718
37720
37722
37724
37726
37574
37576
37578
37580
37582
37636
37638
37640
37642
37716
37718
37720
37722
37724
37726
37574
37576
37578
37580
37582
37644
37646
37648
37650
37716
37718
37720
37722
37724
37726
37574
37576
37578
37580
37582
37652
37654
37656
37658
37716
37718
37720
37722
37724
37726
37574
37576
37578
37580
37582
37660
37662
37664
37666
37716
37718
37720
37722
37724
37726
37574
37576
37578
37580
37582
37668
37670
37672
37674
37716
37718
37720
37722
37724
37726
37574
37576
37578
37580
37582
37676
37678
37680
37682
37716
37718
37720
37722
37724
37726
37574
37576
37578
37580
37582
37684
37686
37688
37690
37716
37718
37720
37722
37724
37726
37574
37576
37578
37580
37582
37692
37694
37696
37698
37716
37718
37720
37722
37724
37726
37574
37576
37578
37580
37582
37700
37702
37704
37706
37716
37718
37720
37722
37724
37726
37728
37730
37732
37734
37736
37740
37762
37764
37766
37768
37770
36776
36778
36780
36782
36784
36786
36788
37538
37540
37542
36790
36792
36794
36798
36800
37044
37046
37048
37050
37532
37534
37536
37538
37540
37542
36790
36792
36794
36798
36800
37052
37054
37056
37058
37532
37534
37536
37538
37540
37542
36790
36792
36794
36798
36800
37060
37062
37064
37066
37532
37534
37536
37538
37540
37542
36790
36792
36794
36798
36800
37068
37070
37072
37074
37532
37534
37536
37538
37540
37542
36790
36792
36794
36798
36800
37076
37078
37080
37082
37532
37534
37536
37538
37540
37542
36790
36792
36794
36798
36800
37084
37086
37088
37090
37532
37534
37536
37538
37540
37542
36790
36792
36794
36798
36800
37092
37094
37096
37098
37532
37534
37536
37538
37540
37542
36790
36792
36794
36798
36800
37100
37102
37104
37106
37532
37534
37536
37538
37540
37542
36790
36792
36794
36798
36800
37108
37110
37112
37114
37532
37534
37536
37538
37540
37542
36790
36792
36794
36798
36800
37116
37118
37120
37122
37532
37534
37536
37538
37540
37542
36790
36792
36794
36798
36800
37124
37126
37128
37130
37532
37534
37536
37538
37540
37542
36790
36792
36794
36798
36800
37132
37134
37136
37138
37532
37534
37536
37538
37540
37542
36790
36792
36794
36798
36800
37140
37142
37144
37146
37532
37534
37536
37538
37540
37542
36790
36792
36794
36798
36800
37148
37150
37152
37154
37532
37534
37536
37538
37540
37542
36790
36792
36794
36798
36800
37156
37158
37160
37162
37532
37534
37536
37538
37540
37542
36790
36792
36794
36798
36800
37164
37166
37168
37170
37532
37534
37536
37538
37540
37542
36790
36792
36794
36798
36800
37172
37174
37176
37178
37532
37534
37536
37538
37540
37542
36790
36792
36794
36798
36800
37180
37182
37184
37186
37532
37534
37536
37538
37540
37542
36790
36792
36794
36798
36800
37188
37190
37192
37194
37532
37534
37536
37538
37540
37542
36790
36792
36794
36798
36800
37196
37198
37200
37202
37532
37534
37536
37538
37540
37542
36790
36792
36794
36798
36800
37204
37206
37208
37210
37532
37534
37536
37538
37540
37542
36790
36792
36794
36798
36800
37212
37214
37216
37218
37532
37534
37536
37538
37540
37542
36790
36792
36794
36798
36800
37220
37222
37224
37226
37532
37534
37536
37538
37540
37542
36790
36792
36794
36798
36800
37228
37230
37232
37234
37532
37534
37536
37538
37540
37542
36790
36792
36794
36798
36800
37236
37238
37240
37242
37532
37534
37536
37538
37540
37542
36790
36792
36794
36798
36800
37244
37246
37248
37250
37532
37534
37536
37538
37540
37542
36790
36792
36794
36798
36800
37252
37254
37256
37258
37532
37534
37536
37538
37540
37542
36790
36792
36794
36798
36800
37260
37262
37264
37266
37532
37534
37536
37538
37540
37542
36790
36792
36794
36798
36800
37268
37270
37272
37274
37532
37534
37536
37538
37540
37542
36790
36792
36794
36798
36800
37276
37278
37280
37282
37532
37534
37536
37538
37540
37542
36790
36792
36794
36798
36800
37284
37286
37288
37290
37532
37534
37536
37538
37540
37542
36790
36792
36794
36798
36800
37292
37294
37296
37298
37532
37534
37536
37538
37540
37542
36790
36792
36794
36798
36800
37300
37302
37304
37306
37532
37534
37536
37538
37540
37542
36790
36792
36794
36798
36800
37308
37310
37312
37314
37532
37534
37536
37538
37540
37542
36790
36792
36794
36798
36800
37316
37318
37320
37322
37532
37534
37536
37538
37540
37542
36790
36792
36794
36798
36800
37324
37326
37328
37330
37532
37534
37536
37538
37540
37542
36790
36792
36794
36798
36800
37332
37334
37336
37338
37532
37534
37536
37538
37540
37542
36790
36792
36794
36798
36800
37340
37342
37344
37346
37532
37534
37536
37538
37540
37542
36790
36792
36794
36798
36800
37348
37350
37352
37354
37532
37534
37536
37538
37540
37542
36790
36792
36794
36798
36800
37356
37358
37360
37362
37532
37534
37536
37538
37540
37542
36790
36792
36794
36798
36800
37364
37366
37368
37370
37532
37534
37536
37538
37540
37542
36790
36792
36794
36798
36800
37372
37374
37376
37378
37532
37534
37536
37538
37540
37542
36790
36792
36794
36798
36800
37380
37382
37384
37386
37532
37534
37536
37538
37540
37542
36790
36792
36794
36798
36800
37388
37390
37392
37394
37532
37534
37536
37538
37540
37542
36790
36792
36794
36798
36800
37396
37398
37400
37402
37532
37534
37536
37538
37540
37542
36790
36792
36794
36798
36800
37404
37406
37408
37410
37532
37534
37536
37538
37540
37542
36790
36792
36794
36798
36800
37412
37414
37416
37418
37532
37534
37536
37538
37540
37542
36790
36792
36794
36798
36800
37420
37422
37424
37426
37532
37534
37536
37538
37540
37542
36790
36792
36794
36798
36800
37428
37430
37432
37434
37532
37534
37536
37538
37540
37542
36790
36792
36794
36798
36800
37436
37438
37440
37442
37532
37534
37536
37538
37540
37542
37546
37548
37550
37552
37554
37558
37774
37776
37778
37780
37782
35272
35274
35276
35278
35280
35282
35284
36754
36756
36758
35286
35288
35290
35294
35296
35780
35782
35784
35786
36748
36750
36752
36754
36756
36758
35286
35288
35290
35294
35296
35788
35790
35792
35794
36748
36750
36752
36754
36756
36758
35286
35288
35290
35294
35296
35796
35798
35800
35802
36748
36750
36752
36754
36756
36758
35286
35288
35290
35294
35296
35804
35806
35808
35810
36748
36750
36752
36754
36756
36758
35286
35288
35290
35294
35296
35812
35814
35816
35818
36748
36750
36752
36754
36756
36758
35286
35288
35290
35294
35296
35820
35822
35824
35826
36748
36750
36752
36754
36756
36758
35286
35288
35290
35294
35296
35828
35830
35832
35834
36748
36750
36752
36754
36756
36758
35286
35288
35290
35294
35296
35836
35838
35840
35842
36748
36750
36752
36754
36756
36758
35286
35288
35290
35294
35296
35844
35846
35848
35850
36748
36750
36752
36754
36756
36758
35286
35288
35290
35294
35296
35852
35854
35856
35858
36748
36750
36752
36754
36756
36758
35286
35288
35290
35294
35296
35860
35862
35864
35866
36748
36750
36752
36754
36756
36758
35286
35288
35290
35294
35296
35868
35870
35872
35874
36748
36750
36752
36754
36756
36758
35286
35288
35290
35294
35296
35876
35878
35880
35882
36748
36750
36752
36754
36756
36758
35286
35288
35290
35294
35296
35884
35886
35888
35890
36748
36750
36752
36754
36756
36758
35286
35288
35290
35294
35296
35892
35894
35896
35898
36748
36750
36752
36754
36756
36758
35286
35288
35290
35294
35296
35900
35902
35904
35906
36748
36750
36752
36754
36756
36758
35286
35288
35290
35294
35296
35908
35910
35912
35914
36748
36750
36752
36754
36756
36758
35286
35288
35290
35294
35296
35916
35918
35920
35922
36748
36750
36752
36754
36756
36758
35286
35288
35290
35294
35296
35924
35926
35928
35930
36748
36750
36752
36754
36756
36758
35286
35288
35290
35294
35296
35932
35934
35936
35938
36748
36750
36752
36754
36756
36758
35286
35288
35290
35294
35296
35940
35942
35944
35946
36748
36750
36752
36754
36756
36758
35286
35288
35290
35294
35296
35948
35950
35952
35954
36748
36750
36752
36754
36756
36758
35286
35288
35290
35294
35296
35956
35958
35960
35962
36748
36750
36752
36754
36756
36758
35286
35288
35290
35294
35296
35964
35966
35968
35970
36748
36750
36752
36754
36756
36758
35286
35288
35290
35294
35296
35972
35974
35976
35978
36748
36750
36752
36754
36756
36758
35286
35288
35290
35294
35296
35980
35982
35984
35986
36748
36750
36752
36754
36756
36758
35286
35288
35290
35294
35296
35988
35990
35992
35994
36748
36750
36752
36754
36756
36758
35286
35288
35290
35294
35296
35996
35998
36000
36002
36748
36750
36752
36754
36756
36758
35286
35288
35290
35294
35296
36004
36006
36008
36010
36748
36750
36752
36754
36756
36758
35286
35288
35290
35294
35296
36012
36014
36016
36018
36748
36750
36752
36754
36756
36758
35286
35288
35290
35294
35296
36020
36022
36024
36026
36748
36750
36752
36754
36756
36758
35286
35288
35290
35294
35296
36028
36030
36032
36034
36748
36750
36752
36754
36756
36758
35286
35288
35290
35294
35296
36036
36038
36040
36042
36748
36750
36752
36754
36756
36758
35286
35288
35290
35294
35296
36044
36046
36048
36050
36748
36750
36752
36754
36756
36758
35286
35288
35290
35294
35296
36052
36054
36056
36058
36748
36750
36752
36754
36756
36758
35286
35288
35290
35294
35296
36060
36062
36064
36066
36748
36750
36752
36754
36756
36758
35286
35288
35290
35294
35296
36068
36070
36072
36074
36748
36750
36752
36754
36756
36758
35286
35288
35290
35294
35296
36076
36078
36080
36082
36748
36750
36752
36754
36756
36758
35286
35288
35290
35294
35296
36084
36086
36088
36090
36748
36750
36752
36754
36756
36758
35286
35288
35290
35294
35296
36092
36094
36096
36098
36748
36750
36752
36754
36756
36758
35286
35288
35290
35294
35296
36100
36102
36104
36106
36748
36750
36752
36754
36756
36758
35286
35288
35290
35294
35296
36108
36110
36112
36114
36748
36750
36752
36754
36756
36758
35286
35288
35290
35294
35296
36116
36118
36120
36122
36748
36750
36752
36754
36756
36758
35286
35288
35290
35294
35296
36124
36126
36128
36130
36748
36750
36752
36754
36756
36758
35286
35288
35290
35294
35296
36132
36134
36136
36138
36748
36750
36752
36754
36756
36758
35286
35288
35290
35294
35296
36140
36142
36144
36146
36748
36750
36752
36754
36756
36758
35286
35288
35290
35294
35296
36148
36150
36152
36154
36748
36750
36752
36754
36756
36758
35286
35288
35290
35294
35296
36156
36158
36160
36162
36748
36750
36752
36754
36756
36758
35286
35288
35290
35294
35296
36164
36166
36168
36170
36748
36750
36752
36754
36756
36758
35286
35288
35290
35294
35296
36172
36174
36176
36178
36748
36750
36752
36754
36756
36758
35286
35288
35290
35294
35296
36180
36182
36184
36186
36748
36750
36752
36754
36756
36758
35286
35288
35290
35294
35296
36188
36190
36192
36194
36748
36750
36752
36754
36756
36758
35286
35288
35290
35294
35296
36196
36198
36200
36202
36748
36750
36752
36754
36756
36758
35286
35288
35290
35294
35296
36204
36206
36208
36210
36748
36750
36752
36754
36756
36758
35286
35288
35290
35294
35296
36212
36214
36216
36218
36748
36750
36752
36754
36756
36758
35286
35288
35290
35294
35296
36220
36222
36224
36226
36748
36750
36752
36754
36756
36758
35286
35288
35290
35294
35296
36228
36230
36232
36234
36748
36750
36752
36754
36756
36758
35286
35288
35290
35294
35296
36236
36238
36240
36242
36748
36750
36752
36754
36756
36758
35286
35288
35290
35294
35296
36244
36246
36248
36250
36748
36750
36752
36754
36756
36758
35286
35288
35290
35294
35296
36252
36254
36256
36258
36748
36750
36752
36754
36756
36758
35286
35288
35290
35294
35296
36260
36262
36264
36266
36748
36750
36752
36754
36756
36758
35286
35288
35290
35294
35296
36268
36270
36272
36274
36748
36750
36752
36754
36756
36758
35286
35288
35290
35294
35296
36276
36278
36280
36282
36748
36750
36752
36754
36756
36758
35286
35288
35290
35294
35296
36284
36286
36288
36290
36748
36750
36752
36754
36756
36758
35286
35288
35290
35294
35296
36292
36294
36296
36298
36748
36750
36752
36754
36756
36758
35286
35288
35290
35294
35296
36300
36302
36304
36306
36748
36750
36752
36754
36756
36758
35286
35288
35290
35294
35296
36308
36310
36312
36314
36748
36750
36752
36754
36756
36758
35286
35288
35290
35294
35296
36316
36318
36320
36322
36748
36750
36752
36754
36756
36758
35286
35288
35290
35294
35296
36324
36326
36328
36330
36748
36750
36752
36754
36756
36758
35286
35288
35290
35294
35296
36332
36334
36336
36338
36748
36750
36752
36754
36756
36758
35286
35288
35290
35294
35296
36340
36342
36344
36346
36748
36750
36752
36754
36756
36758
35286
35288
35290
35294
35296
36348
36350
36352
36354
36748
36750
36752
36754
36756
36758
35286
35288
35290
35294
35296
36356
36358
36360
36362
36748
36750
36752
36754
36756
36758
35286
35288
35290
35294
35296
36364
36366
36368
36370
36748
36750
36752
36754
36756
36758
35286
35288
35290
35294
35296
36372
36374
36376
36378
36748
36750
36752
36754
36756
36758
35286
35288
35290
35294
35296
36380
36382
36384
36386
36748
36750
36752
36754
36756
36758
35286
35288
35290
35294
35296
36388
36390
36392
36394
36748
36750
36752
36754
36756
36758
35286
35288
35290
35294
35296
36396
36398
36400
36402
36748
36750
36752
36754
36756
36758
35286
35288
35290
35294
35296
36404
36406
36408
36410
36748
36750
36752
36754
36756
36758
35286
35288
35290
35294
35296
36412
36414
36416
36418
36748
36750
36752
36754
36756
36758
35286
35288
35290
35294
35296
36420
36422
36424
36426
36748
36750
36752
36754
36756
36758
35286
35288
35290
35294
35296
36428
36430
36432
36434
36748
36750
36752
36754
36756
36758
35286
35288
35290
35294
35296
36436
36438
36440
36442
36748
36750
36752
36754
36756
36758
35286
35288
35290
35294
35296
36444
36446
36448
36450
36748
36750
36752
36754
36756
36758
35286
35288
35290
35294
35296
36452
36454
36456
36458
36748
36750
36752
36754
36756
36758
35286
35288
35290
35294
35296
36460
36462
36464
36466
36748
36750
36752
36754
36756
36758
35286
35288
35290
35294
35296
36468
36470
36472
36474
36748
36750
36752
36754
36756
36758
35286
35288
35290
35294
35296
36476
36478
36480
36482
36748
36750
36752
36754
36756
36758
35286
35288
35290
35294
35296
36484
36486
36488
36490
36748
36750
36752
36754
36756
36758
35286
35288
35290
35294
35296
36492
36494
36496
36498
36748
36750
36752
36754
36756
36758
35286
35288
35290
35294
35296
36500
36502
36504
36506
36748
36750
36752
36754
36756
36758
35286
35288
35290
35294
35296
36508
36510
36512
36514
36748
36750
36752
36754
36756
36758
35286
35288
35290
35294
35296
36516
36518
36520
36522
36748
36750
36752
36754
36756
36758
35286
35288
35290
35294
35296
36524
36526
36528
36530
36748
36750
36752
36754
36756
36758
35286
35288
35290
35294
35296
36532
36534
36536
36538
36748
36750
36752
36754
36756
36758
35286
35288
35290
35294
35296
36540
36542
36544
36546
36748
36750
36752
36754
36756
36758
35286
35288
35290
35294
35296
36548
36550
36552
36554
36748
36750
36752
36754
36756
36758
35286
35288
35290
35294
35296
36556
36558
36560
36562
36748
36750
36752
36754
36756
36758
35286
35288
35290
35294
35296
36564
36566
36568
36570
36748
36750
36752
36754
36756
36758
35286
35288
35290
35294
35296
36572
36574
36576
36578
36748
36750
36752
36754
36756
36758
35286
35288
35290
35294
35296
36580
36582
36584
36586
36748
36750
36752
36754
36756
36758
35286
35288
35290
35294
35296
36588
36590
36592
36594
36748
36750
36752
36754
36756
36758
35286
35288
35290
35294
35296
36596
36598
36600
36602
36748
36750
36752
36754
36756
36758
35286
35288
35290
35294
35296
36604
36606
36608
36610
36748
36750
36752
36754
36756
36758
35286
35288
35290
35294
35296
36612
36614
36616
36618
36748
36750
36752
36754
36756
36758
35286
35288
35290
35294
35296
36620
36622
36624
36626
36748
36750
36752
36754
36756
36758
35286
35288
35290
35294
35296
36628
36630
36632
36634
36748
36750
36752
36754
36756
36758
35286
35288
35290
35294
35296
36636
36638
36640
36642
36748
36750
36752
36754
36756
36758
35286
35288
35290
35294
35296
36644
36646
36648
36650
36748
36750
36752
36754
36756
36758
35286
35288
35290
35294
35296
36652
36654
36656
36658
36748
36750
36752
36754
36756
36758
35286
35288
35290
35294
35296
36660
36662
36664
36666
36748
36750
36752
36754
36756
36758
35286
35288
35290
35294
35296
36668
36670
36672
36674
36748
36750
36752
36754
36756
36758
35286
35288
35290
35294
35296
36676
36678
36680
36682
36748
36750
36752
36754
36756
36758
35286
35288
35290
35294
35296
36684
36686
36688
36690
36748
36750
36752
36754
36756
36758
35286
35288
35290
35294
35296
36692
36694
36696
36698
36748
36750
36752
36754
36756
36758
35286
35288
35290
35294
35296
36700
36702
36704
36706
36748
36750
36752
36754
36756
36758
35286
35288
35290
35294
35296
36708
36710
36712
36714
36748
36750
36752
36754
36756
36758
35286
35288
35290
35294
35296
36716
36718
36720
36722
36748
36750
36752
36754
36756
36758
35286
35288
35290
35294
35296
36724
36726
36728
36730
36748
36750
36752
36754
36756
36758
35286
35288
35290
35294
35296
36732
36734
36736
36738
36748
36750
36752
36754
36756
36758
36762
36764
36766
36768
36770
36774
37786
37788
37790
37792
37794
37796
37798
