3204447648
3204447652
3204447644
3204447644
3204447636
3204447620
3204447628
3204447628
3204447628
37588
3204447620
3204447620
3204447628
3204447628
3204447628
3204447628
37592
3204447620
3204447620
3204447628
3204447628
3204447628
3204447628
37596
3204447620
3204447620
3204447628
3204447628
3204447628
3204447628
37600
3204447620
3204447620
3204447628
3204447628
3204447628
3204447628
37604
3204447620
3204447620
3204447628
3204447628
3204447628
3204447628
37608
3204447620
3204447620
3204447628
3204447628
3204447628
3204447628
37612
3204447620
3204447620
3204447628
3204447628
3204447628
3204447628
37616
3204447620
3204447620
3204447628
3204447628
3204447628
3204447628
37620
3204447620
3204447620
3204447628
3204447628
3204447628
3204447628
37624
3204447620
3204447620
3204447628
3204447628
3204447628
3204447620
3204447636
3204447644
3204447644
3204447636
3204447620
3204447628
3204447628
3204447628
36804
3204447620
3204447620
3204447628
3204447628
3204447628
3204447628
36808
3204447620
3204447620
3204447628
3204447628
3204447628
3204447628
36812
3204447620
3204447620
3204447628
3204447628
3204447628
3204447628
36816
3204447620
3204447620
3204447628
3204447628
3204447628
3204447628
36820
3204447620
3204447620
3204447628
3204447628
3204447628
3204447628
36824
3204447620
3204447620
3204447628
3204447628
3204447628
3204447628
36828
3204447620
3204447620
3204447628
3204447628
3204447628
3204447628
36832
3204447620
3204447620
3204447628
3204447628
3204447628
3204447628
36836
3204447620
3204447620
3204447628
3204447628
3204447628
3204447628
36840
3204447620
3204447620
3204447628
3204447628
3204447628
3204447628
36844
3204447620
3204447620
3204447628
3204447628
3204447628
3204447628
36848
3204447620
3204447620
3204447628
3204447628
3204447628
3204447628
36852
3204447620
3204447620
3204447628
3204447628
3204447628
3204447628
36856
3204447620
3204447620
3204447628
3204447628
3204447628
3204447628
36860
3204447620
3204447620
3204447628
3204447628
3204447628
3204447628
36864
3204447620
3204447620
3204447628
3204447628
3204447628
3204447628
36868
3204447620
3204447620
3204447628
3204447628
3204447628
3204447628
36872
3204447620
3204447620
3204447628
3204447628
3204447628
3204447628
36876
3204447620
3204447620
3204447628
3204447628
3204447628
3204447628
36880
3204447620
3204447620
3204447628
3204447628
3204447628
3204447628
36884
3204447620
3204447620
3204447628
3204447628
3204447628
3204447628
36888
3204447620
3204447620
3204447628
3204447628
3204447628
3204447628
36892
3204447620
3204447620
3204447628
3204447628
3204447628
3204447628
36896
3204447620
3204447620
3204447628
3204447628
3204447628
3204447628
36900
3204447620
3204447620
3204447628
3204447628
3204447628
3204447628
36904
3204447620
3204447620
3204447628
3204447628
3204447628
3204447628
36908
3204447620
3204447620
3204447628
3204447628
3204447628
3204447628
36912
3204447620
3204447620
3204447628
3204447628
3204447628
3204447628
36916
3204447620
3204447620
3204447628
3204447628
3204447628
3204447628
36920
3204447620
3204447620
3204447628
3204447628
3204447628
3204447628
36924
3204447620
3204447620
3204447628
3204447628
3204447628
3204447628
36928
3204447620
3204447620
3204447628
3204447628
3204447628
3204447628
36932
3204447620
3204447620
3204447628
3204447628
3204447628
3204447628
36936
3204447620
3204447620
3204447628
3204447628
3204447628
3204447628
36940
3204447620
3204447620
3204447628
3204447628
3204447628
3204447628
36944
3204447620
3204447620
3204447628
3204447628
3204447628
3204447628
36948
3204447620
3204447620
3204447628
3204447628
3204447628
3204447628
36952
3204447620
3204447620
3204447628
3204447628
3204447628
3204447628
36956
3204447620
3204447620
3204447628
3204447628
3204447628
3204447628
36960
3204447620
3204447620
3204447628
3204447628
3204447628
3204447628
36964
3204447620
3204447620
3204447628
3204447628
3204447628
3204447628
36968
3204447620
3204447620
3204447628
3204447628
3204447628
3204447628
36972
3204447620
3204447620
3204447628
3204447628
3204447628
3204447628
36976
3204447620
3204447620
3204447628
3204447628
3204447628
3204447628
36980
3204447620
3204447620
3204447628
3204447628
3204447628
3204447628
36984
3204447620
3204447620
3204447628
3204447628
3204447628
3204447628
36988
3204447620
3204447620
3204447628
3204447628
3204447628
3204447628
36992
3204447620
3204447620
3204447628
3204447628
3204447628
3204447628
36996
3204447620
3204447620
3204447628
3204447628
3204447628
3204447628
37000
3204447620
3204447620
3204447628
3204447628
3204447628
3204447620
3204447636
3204447644
3204447644
3204447636
3204447620
3204447628
3204447628
3204447628
35300
3204447620
3204447620
3204447628
3204447628
3204447628
3204447628
35304
3204447620
3204447620
3204447628
3204447628
3204447628
3204447628
35308
3204447620
3204447620
3204447628
3204447628
3204447628
3204447628
35312
3204447620
3204447620
3204447628
3204447628
3204447628
3204447628
35316
3204447620
3204447620
3204447628
3204447628
3204447628
3204447628
35320
3204447620
3204447620
3204447628
3204447628
3204447628
3204447628
35324
3204447620
3204447620
3204447628
3204447628
3204447628
3204447628
35328
3204447620
3204447620
3204447628
3204447628
3204447628
3204447628
35332
3204447620
3204447620
3204447628
3204447628
3204447628
3204447628
35336
3204447620
3204447620
3204447628
3204447628
3204447628
3204447628
35340
3204447620
3204447620
3204447628
3204447628
3204447628
3204447628
35344
3204447620
3204447620
3204447628
3204447628
3204447628
3204447628
35348
3204447620
3204447620
3204447628
3204447628
3204447628
3204447628
35352
3204447620
3204447620
3204447628
3204447628
3204447628
3204447628
35356
3204447620
3204447620
3204447628
3204447628
3204447628
3204447628
35360
3204447620
3204447620
3204447628
3204447628
3204447628
3204447628
35364
3204447620
3204447620
3204447628
3204447628
3204447628
3204447628
35368
3204447620
3204447620
3204447628
3204447628
3204447628
3204447628
35372
3204447620
3204447620
3204447628
3204447628
3204447628
3204447628
35376
3204447620
3204447620
3204447628
3204447628
3204447628
3204447628
35380
3204447620
3204447620
3204447628
3204447628
3204447628
3204447628
35384
3204447620
3204447620
3204447628
3204447628
3204447628
3204447628
35388
3204447620
3204447620
3204447628
3204447628
3204447628
3204447628
35392
3204447620
3204447620
3204447628
3204447628
3204447628
3204447628
35396
3204447620
3204447620
3204447628
3204447628
3204447628
3204447628
35400
3204447620
3204447620
3204447628
3204447628
3204447628
3204447628
35404
3204447620
3204447620
3204447628
3204447628
3204447628
3204447628
35408
3204447620
3204447620
3204447628
3204447628
3204447628
3204447628
35412
3204447620
3204447620
3204447628
3204447628
3204447628
3204447628
35416
3204447620
3204447620
3204447628
3204447628
3204447628
3204447628
35420
3204447620
3204447620
3204447628
3204447628
3204447628
3204447628
35424
3204447620
3204447620
3204447628
3204447628
3204447628
3204447628
35428
3204447620
3204447620
3204447628
3204447628
3204447628
3204447628
35432
3204447620
3204447620
3204447628
3204447628
3204447628
3204447628
35436
3204447620
3204447620
3204447628
3204447628
3204447628
3204447628
35440
3204447620
3204447620
3204447628
3204447628
3204447628
3204447628
35444
3204447620
3204447620
3204447628
3204447628
3204447628
3204447628
35448
3204447620
3204447620
3204447628
3204447628
3204447628
3204447628
35452
3204447620
3204447620
3204447628
3204447628
3204447628
3204447628
35456
3204447620
3204447620
3204447628
3204447628
3204447628
3204447628
35460
3204447620
3204447620
3204447628
3204447628
3204447628
3204447628
35464
3204447620
3204447620
3204447628
3204447628
3204447628
3204447628
35468
3204447620
3204447620
3204447628
3204447628
3204447628
3204447628
35472
3204447620
3204447620
3204447628
3204447628
3204447628
3204447628
35476
3204447620
3204447620
3204447628
3204447628
3204447628
3204447628
35480
3204447620
3204447620
3204447628
3204447628
3204447628
3204447628
35484
3204447620
3204447620
3204447628
3204447628
3204447628
3204447628
35488
3204447620
3204447620
3204447628
3204447628
3204447628
3204447628
35492
3204447620
3204447620
3204447628
3204447628
3204447628
3204447628
35496
3204447620
3204447620
3204447628
3204447628
3204447628
3204447628
35500
3204447620
3204447620
3204447628
3204447628
3204447628
3204447628
35504
3204447620
3204447620
3204447628
3204447628
3204447628
3204447628
35508
3204447620
3204447620
3204447628
3204447628
3204447628
3204447628
35512
3204447620
3204447620
3204447628
3204447628
3204447628
3204447628
35516
3204447620
3204447620
3204447628
3204447628
3204447628
3204447628
35520
3204447620
3204447620
3204447628
3204447628
3204447628
3204447628
35524
3204447620
3204447620
3204447628
3204447628
3204447628
3204447628
35528
3204447620
3204447620
3204447628
3204447628
3204447628
3204447628
35532
3204447620
3204447620
3204447628
3204447628
3204447628
3204447628
35536
3204447620
3204447620
3204447628
3204447628
3204447628
3204447628
35540
3204447620
3204447620
3204447628
3204447628
3204447628
3204447628
35544
3204447620
3204447620
3204447628
3204447628
3204447628
3204447628
35548
3204447620
3204447620
3204447628
3204447628
3204447628
3204447628
35552
3204447620
3204447620
3204447628
3204447628
3204447628
3204447628
35556
3204447620
3204447620
3204447628
3204447628
3204447628
3204447628
35560
3204447620
3204447620
3204447628
3204447628
3204447628
3204447628
35564
3204447620
3204447620
3204447628
3204447628
3204447628
3204447628
35568
3204447620
3204447620
3204447628
3204447628
3204447628
3204447628
35572
3204447620
3204447620
3204447628
3204447628
3204447628
3204447628
35576
3204447620
3204447620
3204447628
3204447628
3204447628
3204447628
35580
3204447620
3204447620
3204447628
3204447628
3204447628
3204447628
35584
3204447620
3204447620
3204447628
3204447628
3204447628
3204447628
35588
3204447620
3204447620
3204447628
3204447628
3204447628
3204447628
35592
3204447620
3204447620
3204447628
3204447628
3204447628
3204447628
35596
3204447620
3204447620
3204447628
3204447628
3204447628
3204447628
35600
3204447620
3204447620
3204447628
3204447628
3204447628
3204447628
35604
3204447620
3204447620
3204447628
3204447628
3204447628
3204447628
35608
3204447620
3204447620
3204447628
3204447628
3204447628
3204447628
35612
3204447620
3204447620
3204447628
3204447628
3204447628
3204447628
35616
3204447620
3204447620
3204447628
3204447628
3204447628
3204447628
35620
3204447620
3204447620
3204447628
3204447628
3204447628
3204447628
35624
3204447620
3204447620
3204447628
3204447628
3204447628
3204447628
35628
3204447620
3204447620
3204447628
3204447628
3204447628
3204447628
35632
3204447620
3204447620
3204447628
3204447628
3204447628
3204447628
35636
3204447620
3204447620
3204447628
3204447628
3204447628
3204447628
35640
3204447620
3204447620
3204447628
3204447628
3204447628
3204447628
35644
3204447620
3204447620
3204447628
3204447628
3204447628
3204447628
35648
3204447620
3204447620
3204447628
3204447628
3204447628
3204447628
35652
3204447620
3204447620
3204447628
3204447628
3204447628
3204447628
35656
3204447620
3204447620
3204447628
3204447628
3204447628
3204447628
35660
3204447620
3204447620
3204447628
3204447628
3204447628
3204447628
35664
3204447620
3204447620
3204447628
3204447628
3204447628
3204447628
35668
3204447620
3204447620
3204447628
3204447628
3204447628
3204447628
35672
3204447620
3204447620
3204447628
3204447628
3204447628
3204447628
35676
3204447620
3204447620
3204447628
3204447628
3204447628
3204447628
35680
3204447620
3204447620
3204447628
3204447628
3204447628
3204447628
35684
3204447620
3204447620
3204447628
3204447628
3204447628
3204447628
35688
3204447620
3204447620
3204447628
3204447628
3204447628
3204447628
35692
3204447620
3204447620
3204447628
3204447628
3204447628
3204447628
35696
3204447620
3204447620
3204447628
3204447628
3204447628
3204447628
35700
3204447620
3204447620
3204447628
3204447628
3204447628
3204447628
35704
3204447620
3204447620
3204447628
3204447628
3204447628
3204447628
35708
3204447620
3204447620
3204447628
3204447628
3204447628
3204447628
35712
3204447620
3204447620
3204447628
3204447628
3204447628
3204447628
35716
3204447620
3204447620
3204447628
3204447628
3204447628
3204447628
35720
3204447620
3204447620
3204447628
3204447628
3204447628
3204447628
35724
3204447620
3204447620
3204447628
3204447628
3204447628
3204447628
35728
3204447620
3204447620
3204447628
3204447628
3204447628
3204447628
35732
3204447620
3204447620
3204447628
3204447628
3204447628
3204447628
35736
3204447620
3204447620
3204447628
3204447628
3204447628
3204447628
35740
3204447620
3204447620
3204447628
3204447628
3204447628
3204447628
35744
3204447620
3204447620
3204447628
3204447628
3204447628
3204447628
35748
3204447620
3204447620
3204447628
3204447628
3204447628
3204447628
35752
3204447620
3204447620
3204447628
3204447628
3204447628
3204447628
35756
3204447620
3204447620
3204447628
3204447628
3204447628
3204447628
35760
3204447620
3204447620
3204447628
3204447628
3204447628
3204447628
35764
3204447620
3204447620
3204447628
3204447628
3204447628
3204447628
35768
3204447620
3204447620
3204447628
3204447628
3204447628
3204447628
35772
3204447620
3204447620
3204447628
3204447628
3204447628
3204447628
35776
3204447620
3204447620
3204447628
3204447628
3204447628
3204447620
3204447636
3204447644
3204447644
3204447648
