35572
35574
35576
35580
35584
35586
35512
35514
35516
35518
35520
35522
35524
35526
35554
35556
35558
35560
35528
35530
35532
35534
35536
35538
35540
35542
35544
35546
35548
35550
35552
35554
35556
35558
35560
35528
35530
35532
35534
35536
35538
35540
35542
35544
35546
35548
35550
35552
35554
35556
35558
35560
35528
35530
35532
35534
35536
35538
35540
35542
35544
35546
35548
35550
35552
35554
35556
35558
35560
35528
35530
35532
35534
35536
35538
35540
35542
35544
35546
35548
35550
35552
35554
35556
35558
35560
35528
35530
35532
35534
35536
35538
35540
35542
35544
35546
35548
35550
35552
35554
35556
35558
35560
35528
35530
35532
35534
35536
35538
35540
35542
35544
35546
35548
35550
35552
35554
35556
35558
35560
35528
35530
35532
35534
35536
35538
35540
35542
35544
35546
35548
35550
35552
35554
35556
35558
35560
35528
35530
35532
35534
35536
35538
35540
35542
35544
35546
35548
35550
35552
35554
35556
35558
35560
35528
35530
35532
35534
35536
35538
35540
35542
35544
35546
35548
35550
35552
35554
35556
35558
35560
35528
35530
35532
35534
35536
35538
35540
35542
35544
35546
35548
35550
35552
35554
35556
35558
35560
35528
35530
35532
35534
35536
35538
35540
35542
35544
35546
35548
35550
35552
35554
35556
35558
35560
35528
35530
35532
35534
35536
35538
35540
35542
35544
35546
35548
35550
35552
35554
35556
35558
35560
35528
35530
35532
35534
35536
35538
35540
35542
35544
35546
35548
35550
35552
35554
35556
35558
35560
35528
35530
35532
35534
35536
35538
35540
35542
35544
35546
35548
35550
35552
35554
35556
35558
35560
35528
35530
35532
35534
35536
35538
35540
35542
35544
35546
35548
35550
35552
35554
35556
35558
35560
35528
35530
35532
35534
35536
35538
35540
35542
35544
35546
35548
35550
35552
35554
35556
35558
35560
35528
35530
35532
35534
35536
35538
35540
35542
35544
35546
35548
35550
35552
35554
35556
35558
35560
35528
35530
35532
35534
35536
35538
35540
35542
35544
35546
35548
35550
35552
35554
35556
35558
35560
35528
35530
35532
35534
35536
35538
35540
35542
35544
35546
35548
35550
35552
35554
35556
35558
35560
35528
35530
35532
35534
35536
35538
35540
35542
35544
35546
35548
35550
35552
35554
35556
35558
35560
35528
35530
35532
35534
35536
35538
35540
35542
35544
35546
35548
35550
35552
35554
35556
35558
35560
35528
35530
35532
35534
35536
35538
35540
35542
35544
35546
35548
35550
35552
35554
35556
35558
35560
35528
35530
35532
35534
35536
35538
35540
35542
35544
35546
35548
35550
35552
35554
35556
35558
35560
35528
35530
35532
35534
35536
35538
35540
35542
35544
35546
35548
35550
35552
35554
35556
35558
35560
35528
35530
35532
35534
35536
35538
35540
35542
35544
35546
35548
35550
35552
35554
35556
35558
35560
35528
35530
35532
35534
35536
35538
35540
35542
35544
35546
35548
35550
35552
35554
35556
35558
35560
35528
35530
35532
35534
35536
35538
35540
35542
35544
35546
35548
35550
35552
35554
35556
35558
35560
35528
35530
35532
35534
35536
35538
35540
35542
35544
35546
35548
35550
35552
35554
35556
35558
35560
35528
35530
35532
35534
35536
35538
35540
35542
35544
35546
35548
35550
35552
35554
35556
35558
35560
35528
35530
35532
35534
35536
35538
35540
35542
35544
35546
35548
35550
35552
35554
35556
35558
35560
35528
35530
35532
35534
35536
35538
35540
35542
35544
35546
35548
35550
35552
35554
35556
35558
35560
35528
35530
35532
35534
35536
35538
35540
35542
35544
35546
35548
35550
35552
35554
35556
35558
35560
35528
35530
35532
35534
35536
35538
35540
35542
35544
35546
35548
35550
35552
35554
35556
35558
35560
35528
35530
35532
35534
35536
35538
35540
35542
35544
35546
35548
35550
35552
35554
35556
35558
35560
35528
35530
35532
35534
35536
35538
35540
35542
35544
35546
35548
35550
35552
35554
35556
35558
35560
35528
35530
35532
35534
35536
35538
35540
35542
35544
35546
35548
35550
35552
35554
35556
35558
35560
35528
35530
35532
35534
35536
35538
35540
35542
35544
35546
35548
35550
35552
35554
35556
35558
35560
35528
35530
35532
35534
35536
35538
35540
35542
35544
35546
35548
35550
35552
35554
35556
35558
35560
35528
35530
35532
35534
35536
35538
35540
35542
35544
35546
35548
35550
35552
35554
35556
35558
35560
35528
35530
35532
35534
35536
35538
35540
35542
35544
35546
35548
35550
35552
35554
35556
35558
35560
35528
35530
35532
35534
35536
35538
35540
35542
35544
35546
35548
35550
35552
35554
35556
35558
35560
35528
35530
35532
35534
35536
35538
35540
35542
35544
35546
35548
35550
35552
35554
35556
35558
35560
35528
35530
35532
35534
35536
35538
35540
35542
35544
35546
35548
35550
35552
35554
35556
35558
35560
35528
35530
35532
35534
35536
35538
35540
35542
35544
35546
35548
35550
35552
35554
35556
35558
35560
35528
35530
35532
35534
35536
35538
35540
35542
35544
35546
35548
35550
35552
35554
35556
35558
35560
35528
35530
35532
35534
35536
35538
35540
35542
35544
35546
35548
35550
35552
35554
35556
35558
35560
35528
35530
35532
35534
35536
35538
35540
35542
35544
35546
35548
35550
35552
35554
35556
35558
35560
35528
35530
35532
35534
35536
35538
35540
35542
35544
35546
35548
35550
35552
35554
35556
35558
35560
35528
35530
35532
35534
35536
35538
35540
35542
35544
35546
35548
35550
35552
35554
35556
35558
35560
35528
35530
35532
35534
35536
35538
35540
35542
35544
35546
35548
35550
35552
35554
35556
35558
35560
35528
35530
35532
35534
35536
35538
35540
35542
35544
35546
35548
35550
35552
35554
35556
35558
35560
35528
35530
35532
35534
35536
35538
35540
35542
35544
35546
35548
35550
35552
35554
35556
35558
35560
35528
35530
35532
35534
35536
35538
35540
35542
35544
35546
35548
35550
35552
35554
35556
35558
35560
35528
35530
35532
35534
35536
35538
35540
35542
35544
35546
35548
35550
35552
35554
35556
35558
35560
35528
35530
35532
35534
35536
35538
35540
35542
35544
35546
35548
35550
35552
35554
35556
35558
35560
35528
35530
35532
35534
35536
35538
35540
35542
35544
35546
35548
35550
35552
35554
35556
35558
35560
35528
35530
35532
35534
35536
35538
35540
35542
35544
35546
35548
35550
35552
35554
35556
35558
35560
35528
35530
35532
35534
35536
35538
35540
35542
35544
35546
35548
35550
35552
35554
35556
35558
35560
35528
35530
35532
35534
35536
35538
35540
35542
35544
35546
35548
35550
35552
35554
35556
35558
35560
35528
35530
35532
35534
35536
35538
35540
35542
35544
35546
35548
35550
35552
35554
35556
35558
35560
35528
35530
35532
35534
35536
35538
35540
35542
35544
35546
35548
35550
35552
35554
35556
35558
35560
35528
35530
35532
35534
35536
35538
35540
35542
35544
35546
35548
35550
35552
35554
35556
35558
35560
35528
35530
35532
35534
35536
35538
35540
35542
35544
35546
35548
35550
35552
35554
35556
35558
35560
35528
35530
35532
35534
35536
35538
35540
35542
35544
35546
35548
35550
35552
35554
35556
35558
35560
35528
35530
35532
35534
35536
35538
35540
35542
35544
35546
35548
35550
35552
35554
35556
35558
35560
35528
35530
35532
35534
35536
35538
35540
35542
35544
35546
35548
35550
35552
35554
35556
35558
35560
35528
35530
35532
35534
35536
35538
35540
35542
35544
35546
35548
35550
35552
35554
35556
35558
35560
35528
35530
35532
35534
35536
35538
35540
35542
35544
35546
35548
35550
35552
35554
35556
35558
35560
35528
35530
35532
35534
35536
35538
35540
35542
35544
35546
35548
35550
35552
35554
35556
35558
35560
35528
35530
35532
35534
35536
35538
35540
35542
35544
35546
35548
35550
35552
35554
35556
35558
35560
35528
35530
35532
35534
35536
35538
35540
35542
35544
35546
35548
35550
35552
35554
35556
35558
35560
35528
35530
35532
35534
35536
35538
35540
35542
35544
35546
35548
35550
35552
35554
35556
35558
35560
35528
35530
35532
35534
35536
35538
35540
35542
35544
35546
35548
35550
35552
35554
35556
35558
35560
35528
35530
35532
35534
35536
35538
35540
35542
35544
35546
35548
35550
35552
35554
35556
35558
35560
35528
35530
35532
35534
35536
35538
35540
35542
35544
35546
35548
35550
35552
35554
35556
35558
35560
35528
35530
35532
35534
35536
35538
35540
35542
35544
35546
35548
35550
35552
35554
35556
35558
35560
35528
35530
35532
35534
35536
35538
35540
35542
35544
35546
35548
35550
35552
35554
35556
35558
35560
35528
35530
35532
35534
35536
35538
35540
35542
35544
35546
35548
35550
35552
35554
35556
35558
35560
35528
35530
35532
35534
35536
35538
35540
35542
35544
35546
35548
35550
35552
35554
35556
35558
35560
35528
35530
35532
35534
35536
35538
35540
35542
35544
35546
35548
35550
35552
35554
35556
35558
35560
35528
35530
35532
35534
35536
35538
35540
35542
35544
35546
35548
35550
35552
35554
35556
35558
35560
35528
35530
35532
35534
35536
35538
35540
35542
35544
35546
35548
35550
35552
35554
35556
35558
35560
35528
35530
35532
35534
35536
35538
35540
35542
35544
35546
35548
35550
35552
35554
35556
35558
35560
35528
35530
35532
35534
35536
35538
35540
35542
35544
35546
35548
35550
35552
35554
35556
35558
35560
35528
35530
35532
35534
35536
35538
35540
35542
35544
35546
35548
35550
35552
35554
35556
35558
35560
35528
35530
35532
35534
35536
35538
35540
35542
35544
35546
35548
35550
35552
35554
35556
35558
35560
35528
35530
35532
35534
35536
35538
35540
35542
35544
35546
35548
35550
35552
35554
35556
35558
35560
35528
35530
35532
35534
35536
35538
35540
35542
35544
35546
35548
35550
35552
35554
35556
35558
35560
35528
35530
35532
35534
35536
35538
35540
35542
35544
35546
35548
35550
35552
35554
35556
35558
35560
35528
35530
35532
35534
35536
35538
35540
35542
35544
35546
35548
35550
35552
35554
35556
35558
35560
35528
35530
35532
35534
35536
35538
35540
35542
35544
35546
35548
35550
35552
35554
35556
35558
35560
35528
35530
35532
35534
35536
35538
35540
35542
35544
35546
35548
35550
35552
35554
35556
35558
35560
35528
35530
35532
35534
35536
35538
35540
35542
35544
35546
35548
35550
35552
35554
35556
35558
35560
35528
35530
35532
35534
35536
35538
35540
35542
35544
35546
35548
35550
35552
35554
35556
35558
35560
35528
35530
35532
35534
35536
35538
35540
35542
35544
35546
35548
35550
35552
35554
35556
35558
35560
35528
35530
35532
35534
35536
35538
35540
35542
35544
35546
35548
35550
35552
35554
35556
35558
35560
35528
35530
35532
35534
35536
35538
35540
35542
35544
35546
35548
35550
35552
35554
35556
35558
35560
35528
35530
35532
35534
35536
35538
35540
35542
35544
35546
35548
35550
35552
35554
35556
35558
35560
35528
35530
35532
35534
35536
35538
35540
35542
35544
35546
35548
35550
35552
35554
35556
35558
35560
35528
35530
35532
35534
35536
35538
35540
35542
35544
35546
35548
35550
35552
35554
35556
35558
35560
35562
35564
35566
35570
35590
35594
35598
35602
35606
35608
35272
35274
35276
35278
35280
35282
35284
35286
35288
35290
35292
35294
35296
35298
35300
35302
35304
35306
35308
35310
35314
35316
35318
35320
35322
35440
35442
35444
35446
35448
35450
35452
35454
35456
35458
35460
35462
35464
35466
35468
35470
35472
35474
35476
35478
35480
35482
35484
35486
35488
35490
35492
35494
35496
35498
35360
35362
35364
35366
35368
35370
35372
35374
35376
35378
35380
35382
35384
35386
35388
35390
35392
35394
35396
35398
35400
35402
35404
35406
35408
35410
35412
35414
35416
35418
35420
35422
35424
35426
35428
35430
35432
35434
35436
35438
35440
35442
35444
35446
35448
35450
35452
35454
35456
35458
35460
35462
35464
35466
35468
35470
35472
35474
35476
35478
35480
35482
35484
35486
35488
35490
35492
35494
35496
35498
35360
35362
35364
35366
35368
35370
35372
35374
35376
35378
35380
35382
35384
35386
35388
35390
35392
35394
35396
35398
35400
35402
35404
35406
35408
35410
35412
35414
35416
35418
35420
35422
35424
35426
35428
35430
35432
35434
35436
35438
35440
35442
35444
35446
35448
35450
35452
35454
35456
35458
35460
35462
35464
35466
35468
35470
35472
35474
35476
35478
35480
35482
35484
35486
35488
35490
35492
35494
35496
35498
35360
35362
35364
35366
35368
35370
35372
35374
35376
35378
35380
35382
35384
35386
35388
35390
35392
35394
35396
35398
35400
35402
35404
35406
35408
35410
35412
35414
35416
35418
35420
35422
35424
35426
35428
35430
35432
35434
35436
35438
35440
35442
35444
35446
35448
35450
35452
35454
35456
35458
35460
35462
35464
35466
35468
35470
35472
35474
35476
35478
35480
35482
35484
35486
35488
35490
35492
35494
35496
35498
35360
35362
35364
35366
35368
35370
35372
35374
35376
35378
35380
35382
35384
35386
35388
35390
35392
35394
35396
35398
35400
35402
35404
35406
35408
35410
35412
35414
35416
35418
35420
35422
35424
35426
35428
35430
35432
35434
35436
35438
35440
35442
35444
35446
35448
35450
35452
35454
35456
35458
35460
35462
35464
35466
35468
35470
35472
35474
35476
35478
35480
35482
35484
35486
35488
35490
35492
35494
35496
35498
35360
35362
35364
35366
35368
35370
35372
35374
35376
35378
35380
35382
35384
35386
35388
35390
35392
35394
35396
35398
35400
35402
35404
35406
35408
35410
35412
35414
35416
35418
35420
35422
35424
35426
35428
35430
35432
35434
35436
35438
35440
35442
35444
35446
35448
35450
35452
35454
35456
35458
35460
35462
35464
35466
35468
35470
35472
35474
35476
35478
35480
35482
35484
35486
35488
35490
35492
35494
35496
35498
35500
35502
35504
35508
35612
