3204447648
3204447652
3204447644
3204447628
3204447624
3204447636
3204447636
3204447624
3204447636
3204447628
3204447624
3204447636
449728
3204447636
3204447636
3204447636
3204447624
3204447636
3204447628
3204447624
3204447636
449729
3204447636
3204447636
3204447636
3204447624
3204447636
3204447628
3204447624
3204447636
449730
3204447636
3204447636
3204447636
3204447624
3204447636
3204447628
3204447624
3204447636
449731
3204447636
3204447636
3204447636
3204447624
3204447636
3204447628
3204447624
3204447636
449732
3204447636
3204447636
3204447636
3204447624
3204447636
3204447628
3204447624
3204447636
449733
3204447636
3204447636
3204447636
3204447624
3204447636
3204447628
3204447624
3204447636
449734
3204447636
3204447636
3204447636
3204447624
3204447636
3204447628
3204447624
3204447636
449735
3204447636
3204447636
3204447636
3204447624
3204447636
3204447628
3204447624
3204447636
449736
3204447636
3204447636
3204447636
3204447624
3204447636
3204447628
3204447624
3204447636
449737
3204447636
3204447636
3204447636
3204447624
3204447636
3204447628
3204447624
3204447636
449738
3204447636
3204447636
3204447636
3204447624
3204447636
3204447628
3204447624
3204447636
449739
3204447636
3204447636
3204447636
3204447624
3204447636
3204447628
3204447624
3204447636
449740
3204447636
3204447636
3204447636
3204447624
3204447636
3204447628
3204447624
3204447636
449741
3204447636
3204447636
3204447636
3204447624
3204447636
3204447628
3204447624
3204447636
449742
3204447636
3204447636
3204447636
3204447624
3204447636
3204447628
3204447624
3204447636
449743
3204447636
3204447636
3204447636
3204447624
3204447636
3204447628
3204447624
3204447636
449744
3204447636
3204447636
3204447636
3204447624
3204447636
3204447628
3204447624
3204447636
449745
3204447636
3204447636
3204447636
3204447624
3204447636
3204447628
3204447624
3204447636
449746
3204447636
3204447636
3204447636
3204447624
3204447636
3204447628
3204447624
3204447636
449747
3204447636
3204447636
3204447636
3204447624
3204447636
3204447628
3204447624
3204447636
449748
3204447636
3204447636
3204447636
3204447624
3204447636
3204447628
3204447624
3204447636
449749
3204447636
3204447636
3204447636
3204447624
3204447636
3204447628
3204447624
3204447636
449750
3204447636
3204447636
3204447636
3204447624
3204447636
3204447628
3204447624
3204447636
449751
3204447636
3204447636
3204447636
3204447624
3204447636
3204447628
3204447624
3204447636
449752
3204447636
3204447636
3204447636
3204447624
3204447636
3204447628
3204447624
3204447636
449753
3204447636
3204447636
3204447636
3204447624
3204447636
3204447628
3204447624
3204447636
449754
3204447636
3204447636
3204447636
3204447624
3204447636
3204447628
3204447624
3204447636
449755
3204447636
3204447636
3204447636
3204447624
3204447636
3204447628
3204447624
3204447636
449756
3204447636
3204447636
3204447636
3204447624
3204447636
3204447628
3204447624
3204447636
449757
3204447636
3204447636
3204447636
3204447624
3204447636
3204447628
3204447624
3204447636
449758
3204447636
3204447636
3204447636
3204447624
3204447636
3204447628
3204447624
3204447636
449759
3204447636
3204447636
3204447636
3204447624
3204447636
3204447628
3204447624
3204447636
449760
3204447636
3204447636
3204447636
3204447624
3204447636
3204447628
3204447624
3204447636
449761
3204447636
3204447636
3204447636
3204447624
3204447636
3204447628
3204447624
3204447636
449762
3204447636
3204447636
3204447636
3204447624
3204447636
3204447628
3204447624
3204447636
449763
3204447636
3204447636
3204447636
3204447624
3204447636
3204447628
3204447624
3204447636
449764
3204447636
3204447636
3204447636
3204447624
3204447636
3204447628
3204447624
3204447636
449765
3204447636
3204447636
3204447636
3204447624
3204447636
3204447628
3204447624
3204447636
449766
3204447636
3204447636
3204447636
3204447624
3204447636
3204447628
3204447624
3204447636
449767
3204447636
3204447636
3204447636
3204447624
3204447636
3204447628
3204447624
3204447636
449768
3204447636
3204447636
3204447636
3204447624
3204447636
3204447628
3204447624
3204447636
449769
3204447636
3204447636
3204447636
3204447624
3204447636
3204447628
3204447624
3204447636
449770
3204447636
3204447636
3204447636
3204447624
3204447636
3204447628
3204447624
3204447636
449771
3204447636
3204447636
3204447636
3204447624
3204447636
3204447628
3204447624
3204447636
449772
3204447636
3204447636
3204447636
3204447624
3204447636
3204447628
3204447624
3204447636
449773
3204447636
3204447636
3204447636
3204447624
3204447636
3204447628
3204447624
3204447636
449774
3204447636
3204447636
3204447636
3204447624
3204447636
3204447628
3204447624
3204447636
449775
3204447636
3204447636
3204447636
3204447624
3204447636
3204447628
3204447624
3204447636
449776
3204447636
3204447636
3204447636
3204447624
3204447636
3204447628
3204447624
3204447636
449777
3204447636
3204447636
3204447636
3204447624
3204447636
3204447628
3204447624
3204447636
449778
3204447636
3204447636
3204447636
3204447624
3204447636
3204447628
3204447624
3204447636
449779
3204447636
3204447636
3204447636
3204447624
3204447636
3204447628
3204447624
3204447636
449780
3204447636
3204447636
3204447636
3204447624
3204447636
3204447628
3204447624
3204447636
449781
3204447636
3204447636
3204447636
3204447624
3204447636
3204447628
3204447624
3204447636
449782
3204447636
3204447636
3204447636
3204447624
3204447636
3204447628
3204447624
3204447636
449783
3204447636
3204447636
3204447636
3204447624
3204447636
3204447628
3204447624
3204447636
449784
3204447636
3204447636
3204447636
3204447624
3204447636
3204447628
3204447624
3204447636
449785
3204447636
3204447636
3204447636
3204447624
3204447636
3204447628
3204447624
3204447636
449786
3204447636
3204447636
3204447636
3204447624
3204447636
3204447628
3204447624
3204447636
449787
3204447636
3204447636
3204447636
3204447624
3204447636
3204447628
3204447624
3204447636
449788
3204447636
3204447636
3204447636
3204447624
3204447636
3204447628
3204447624
3204447636
449789
3204447636
3204447636
3204447636
3204447624
3204447636
3204447628
3204447624
3204447636
449790
3204447636
3204447636
3204447636
3204447624
3204447636
3204447628
3204447624
3204447636
449791
3204447636
3204447636
3204447636
3204447624
3204447636
3204447628
3204447624
3204447636
449792
3204447636
3204447636
3204447636
3204447624
3204447636
3204447628
3204447624
3204447636
449793
3204447636
3204447636
3204447636
3204447624
3204447636
3204447628
3204447624
3204447636
449794
3204447636
3204447636
3204447636
3204447624
3204447636
3204447628
3204447624
3204447636
449795
3204447636
3204447636
3204447636
3204447624
3204447636
3204447628
3204447624
3204447636
449796
3204447636
3204447636
3204447636
3204447624
3204447636
3204447628
3204447624
3204447636
449797
3204447636
3204447636
3204447636
3204447624
3204447636
3204447628
3204447624
3204447636
449798
3204447636
3204447636
3204447636
3204447624
3204447636
3204447628
3204447624
3204447636
449799
3204447636
3204447636
3204447636
3204447624
3204447636
3204447628
3204447624
3204447636
449800
3204447636
3204447636
3204447636
3204447624
3204447636
3204447628
3204447624
3204447636
449801
3204447636
3204447636
3204447636
3204447624
3204447636
3204447628
3204447624
3204447636
449802
3204447636
3204447636
3204447636
3204447624
3204447636
3204447628
3204447624
3204447636
449803
3204447636
3204447636
3204447636
3204447624
3204447636
3204447628
3204447624
3204447636
449804
3204447636
3204447636
3204447636
3204447624
3204447636
3204447628
3204447624
3204447636
449805
3204447636
3204447636
3204447636
3204447624
3204447636
3204447628
3204447624
3204447636
449806
3204447636
3204447636
3204447636
3204447624
3204447636
3204447628
3204447624
3204447636
449807
3204447636
3204447636
3204447636
3204447624
3204447636
3204447628
3204447624
3204447636
449808
3204447636
3204447636
3204447636
3204447624
3204447636
3204447628
3204447624
3204447636
449809
3204447636
3204447636
3204447636
3204447624
3204447636
3204447628
3204447624
3204447636
449810
3204447636
3204447636
3204447636
3204447624
3204447636
3204447628
3204447624
3204447636
449811
3204447636
3204447636
3204447636
3204447624
3204447636
3204447628
3204447624
3204447636
449812
3204447636
3204447636
3204447636
3204447624
3204447636
3204447628
3204447624
3204447636
449813
3204447636
3204447636
3204447636
3204447624
3204447636
3204447628
3204447624
3204447636
449814
3204447636
3204447636
3204447636
3204447624
3204447636
3204447628
3204447624
3204447636
449815
3204447636
3204447636
3204447636
3204447624
3204447636
3204447628
3204447624
3204447636
449816
3204447636
3204447636
3204447636
3204447624
3204447636
3204447628
3204447624
3204447636
449817
3204447636
3204447636
3204447636
3204447624
3204447636
3204447628
3204447624
3204447636
449818
3204447636
3204447636
3204447636
3204447624
3204447636
3204447628
3204447624
3204447636
449819
3204447636
3204447636
3204447636
3204447624
3204447636
3204447628
3204447624
3204447636
449820
3204447636
3204447636
3204447636
3204447624
3204447636
3204447628
3204447624
3204447636
449821
3204447636
3204447636
3204447636
3204447624
3204447636
3204447628
3204447624
3204447636
449822
3204447636
3204447636
3204447636
3204447624
3204447636
3204447628
3204447624
3204447636
449823
3204447636
3204447636
3204447636
3204447624
3204447636
3204447628
3204447624
3204447636
449824
3204447636
3204447636
3204447636
3204447624
3204447636
3204447628
3204447624
3204447636
449825
3204447636
3204447636
3204447636
3204447624
3204447636
3204447628
3204447624
3204447636
449826
3204447636
3204447636
3204447636
3204447624
3204447636
3204447628
3204447624
3204447636
449827
3204447636
3204447636
3204447636
3204447624
3204447644
3204447644
3204447628
3204447624
3204447620
3204447620
3204447636
3204447620
35340
3204447628
3204447628
3204447624
3204447624
449828
449728
3204447628
3204447628
3204447624
3204447624
449829
449729
3204447628
3204447628
3204447624
3204447624
449830
449730
3204447636
3204447636
3204447636
3204447628
3204447628
3204447624
3204447624
449831
449731
3204447628
3204447628
3204447624
3204447624
449832
449732
3204447628
3204447628
3204447624
3204447624
449833
449733
3204447628
3204447628
3204447624
3204447624
449834
449734
3204447628
3204447628
3204447624
3204447624
449835
449735
3204447628
3204447628
3204447624
3204447624
449836
449736
3204447628
3204447628
3204447624
3204447624
449837
449737
3204447628
3204447628
3204447624
3204447624
449838
449738
3204447636
3204447636
3204447636
3204447628
3204447628
3204447624
3204447624
449839
449739
3204447628
3204447628
3204447624
3204447624
449840
449740
3204447628
3204447628
3204447624
3204447624
449841
449741
3204447628
3204447628
3204447624
3204447624
449842
449742
3204447628
3204447628
3204447624
3204447624
449843
449743
3204447628
3204447628
3204447624
3204447624
449844
449744
3204447628
3204447628
3204447624
3204447624
449845
449745
3204447628
3204447628
3204447624
3204447624
449846
449746
3204447636
3204447636
3204447636
3204447628
3204447628
3204447624
3204447624
449847
449747
3204447628
3204447628
3204447624
3204447624
449848
449748
3204447628
3204447628
3204447624
3204447624
449849
449749
3204447628
3204447628
3204447624
3204447624
449850
449750
3204447628
3204447628
3204447624
3204447624
449851
449751
3204447628
3204447628
3204447624
3204447624
449852
449752
3204447628
3204447628
3204447624
3204447624
449853
449753
3204447628
3204447628
3204447624
3204447624
449854
449754
3204447636
3204447636
3204447636
3204447628
3204447628
3204447624
3204447624
449855
449755
3204447628
3204447628
3204447624
3204447624
449856
449756
3204447628
3204447628
3204447624
3204447624
449857
449757
3204447628
3204447628
3204447624
3204447624
449858
449758
3204447628
3204447628
3204447624
3204447624
449859
449759
3204447628
3204447628
3204447624
3204447624
449860
449760
3204447628
3204447628
3204447624
3204447624
449861
449761
3204447628
3204447628
3204447624
3204447624
449862
449762
3204447636
3204447636
3204447636
3204447628
3204447628
3204447624
3204447624
449863
449763
3204447628
3204447628
3204447624
3204447624
449864
449764
3204447628
3204447628
3204447624
3204447624
449865
449765
3204447628
3204447628
3204447624
3204447624
449866
449766
3204447628
3204447628
3204447624
3204447624
449867
449767
3204447628
3204447628
3204447624
3204447624
449868
449768
3204447628
3204447628
3204447624
3204447624
449869
449769
3204447628
3204447628
3204447624
3204447624
449870
449770
3204447636
3204447636
3204447636
3204447644
3204447648
