3204447648
3204447652
3204447644
3204447636
3204447640
3204447636
3204447640
3204447640
3204447624
3204447628
3204447620
3204447620
3204447624
3204447644
3204447644
3204447640
3204447640
3204447636
3204447640
3204447640
3204447624
3204447628
3204447620
3204447620
3204447620
3204447608
3204447612
3204447604
3204447604
3204447608
3204447620
3204447624
3204447644
3204447644
3204447640
3204447640
3204447636
3204447640
3204447640
3204447624
3204447628
3204447620
3204447620
3204447620
3204447608
3204447612
3204447604
3204447604
3204447604
3204447592
3204447596
3204447588
3204447588
3204447592
3204447604
3204447608
3204447620
3204447624
3204447644
3204447644
3204447640
3204447640
3204447636
3204447640
3204447640
3204447624
3204447628
3204447620
3204447620
3204447620
3204447608
3204447612
3204447604
3204447604
3204447604
3204447592
3204447596
3204447588
3204447588
3204447588
3204447576
3204447580
3204447572
3204447572
3204447576
3204447588
3204447592
3204447604
3204447608
3204447620
3204447624
3204447644
3204447644
3204447640
3204447640
3204447636
3204447640
3204447640
3204447624
3204447628
3204447620
3204447620
3204447620
3204447608
3204447612
3204447604
3204447604
3204447604
3204447592
3204447596
3204447588
3204447588
3204447588
3204447576
3204447580
3204447572
3204447572
3204447572
3204447560
3204447564
3204447556
3204447556
3204447560
3204447572
3204447576
3204447588
3204447592
3204447604
3204447608
3204447620
3204447624
3204447644
3204447644
3204447640
3204447640
3204447636
3204447640
3204447640
3204447624
3204447628
3204447620
3204447620
3204447620
3204447608
3204447612
3204447604
3204447604
3204447604
3204447592
3204447596
3204447588
3204447588
3204447588
3204447576
3204447580
3204447572
3204447572
3204447572
3204447560
3204447564
3204447556
3204447556
3204447556
3204447544
3204447548
3204447540
3204447540
3204447544
3204447556
3204447560
3204447572
3204447576
3204447588
3204447592
3204447604
3204447608
3204447620
3204447624
3204447644
3204447644
3204447640
3204447640
3204447636
3204447640
3204447644
3204447648
