3204447648
3204447652
3204447644
3204447556
3204447552
3204447556
3204447564
3204447560
3204447560
3204447564
446592
3204447564
446606
3204447568
3204447564
446592
3204447564
446606
3204447572
3204447564
446594
3204447564
446604
3204447576
3204447564
446594
3204447564
446604
3204447580
3204447564
446596
3204447564
446602
3204447584
3204447564
446596
3204447564
446602
3204447588
3204447564
446598
3204447564
446600
3204447592
3204447564
446598
3204447564
446600
3204447596
3204447568
3204447592
3204447600
3204447568
3204447592
3204447604
3204447576
3204447584
3204447608
3204447576
3204447584
3204447612
3204447600
3204447608
3204447564
446592
3204447564
3204447600
3204447608
446600
3204447616
3204447612
3204447604
3204447616
3204447620
3204447616
3204447564
3204447604
3204447616
3204447620
446596
3204447616
3204447564
3204447612
3204447616
3204447620
446604
3204447596
3204447572
3204447620
3204447588
3204447580
3204447624
3204447596
3204447580
3204447628
3204447588
3204447572
3204447632
3204447616
3204447628
3204447632
3204447616
3204447636
3204447616
3204447596
3204447616
3204447596
3204447616
3204447588
3204447616
3204447588
3204447616
3204447580
3204447616
3204447580
3204447616
3204447572
3204447616
3204447572
3204447616
3204447620
3204447616
3204447620
3204447616
3204447624
3204447616
3204447624
3204447616
3204447628
3204447616
3204447628
3204447616
3204447632
3204447616
3204447632
3204447628
3204447636
3204447628
3204447632
3204447636
3204447632
3204447564
3204447596
3204447620
3204447628
446606
3204447564
3204447588
3204447624
3204447632
446602
3204447564
3204447580
3204447624
3204447628
446598
3204447564
3204447572
3204447620
3204447632
446594
3204447552
3204447564
3204447564
3204447560
3204447560
3204447560
3204447564
446608
3204447564
446622
3204447568
3204447564
446608
3204447564
446622
3204447572
3204447564
446610
3204447564
446620
3204447576
3204447564
446610
3204447564
446620
3204447580
3204447564
446612
3204447564
446618
3204447584
3204447564
446612
3204447564
446618
3204447588
3204447564
446614
3204447564
446616
3204447592
3204447564
446614
3204447564
446616
3204447596
3204447568
3204447592
3204447600
3204447568
3204447592
3204447604
3204447576
3204447584
3204447608
3204447576
3204447584
3204447612
3204447600
3204447608
3204447564
446608
3204447564
3204447600
3204447608
446616
3204447616
3204447612
3204447604
3204447616
3204447620
3204447616
3204447564
3204447604
3204447616
3204447620
446612
3204447616
3204447564
3204447612
3204447616
3204447620
446620
3204447596
3204447572
3204447620
3204447588
3204447580
3204447624
3204447596
3204447580
3204447628
3204447588
3204447572
3204447632
3204447616
3204447628
3204447632
3204447616
3204447636
3204447616
3204447596
3204447616
3204447596
3204447616
3204447588
3204447616
3204447588
3204447616
3204447580
3204447616
3204447580
3204447616
3204447572
3204447616
3204447572
3204447616
3204447620
3204447616
3204447620
3204447616
3204447624
3204447616
3204447624
3204447616
3204447628
3204447616
3204447628
3204447616
3204447632
3204447616
3204447632
3204447628
3204447636
3204447628
3204447632
3204447636
3204447632
3204447564
3204447596
3204447620
3204447628
446622
3204447564
3204447588
3204447624
3204447632
446618
3204447564
3204447580
3204447624
3204447628
446614
3204447564
3204447572
3204447620
3204447632
446610
3204447552
3204447564
3204447564
3204447560
3204447560
3204447560
3204447564
446624
3204447564
446638
3204447568
3204447564
446624
3204447564
446638
3204447572
3204447564
446626
3204447564
446636
3204447576
3204447564
446626
3204447564
446636
3204447580
3204447564
446628
3204447564
446634
3204447584
3204447564
446628
3204447564
446634
3204447588
3204447564
446630
3204447564
446632
3204447592
3204447564
446630
3204447564
446632
3204447596
3204447568
3204447592
3204447600
3204447568
3204447592
3204447604
3204447576
3204447584
3204447608
3204447576
3204447584
3204447612
3204447600
3204447608
3204447564
446624
3204447564
3204447600
3204447608
446632
3204447616
3204447612
3204447604
3204447616
3204447620
3204447616
3204447564
3204447604
3204447616
3204447620
446628
3204447616
3204447564
3204447612
3204447616
3204447620
446636
3204447596
3204447572
3204447620
3204447588
3204447580
3204447624
3204447596
3204447580
3204447628
3204447588
3204447572
3204447632
3204447616
3204447628
3204447632
3204447616
3204447636
3204447616
3204447596
3204447616
3204447596
3204447616
3204447588
3204447616
3204447588
3204447616
3204447580
3204447616
3204447580
3204447616
3204447572
3204447616
3204447572
3204447616
3204447620
3204447616
3204447620
3204447616
3204447624
3204447616
3204447624
3204447616
3204447628
3204447616
3204447628
3204447616
3204447632
3204447616
3204447632
3204447628
3204447636
3204447628
3204447632
3204447636
3204447632
3204447564
3204447596
3204447620
3204447628
446638
3204447564
3204447588
3204447624
3204447632
446634
3204447564
3204447580
3204447624
3204447628
446630
3204447564
3204447572
3204447620
3204447632
446626
3204447552
3204447564
3204447564
3204447560
3204447560
3204447560
3204447564
446640
3204447564
446654
3204447568
3204447564
446640
3204447564
446654
3204447572
3204447564
446642
3204447564
446652
3204447576
3204447564
446642
3204447564
446652
3204447580
3204447564
446644
3204447564
446650
3204447584
3204447564
446644
3204447564
446650
3204447588
3204447564
446646
3204447564
446648
3204447592
3204447564
446646
3204447564
446648
3204447596
3204447568
3204447592
3204447600
3204447568
3204447592
3204447604
3204447576
3204447584
3204447608
3204447576
3204447584
3204447612
3204447600
3204447608
3204447564
446640
3204447564
3204447600
3204447608
446648
3204447616
3204447612
3204447604
3204447616
3204447620
3204447616
3204447564
3204447604
3204447616
3204447620
446644
3204447616
3204447564
3204447612
3204447616
3204447620
446652
3204447596
3204447572
3204447620
3204447588
3204447580
3204447624
3204447596
3204447580
3204447628
3204447588
3204447572
3204447632
3204447616
3204447628
3204447632
3204447616
3204447636
3204447616
3204447596
3204447616
3204447596
3204447616
3204447588
3204447616
3204447588
3204447616
3204447580
3204447616
3204447580
3204447616
3204447572
3204447616
3204447572
3204447616
3204447620
3204447616
3204447620
3204447616
3204447624
3204447616
3204447624
3204447616
3204447628
3204447616
3204447628
3204447616
3204447632
3204447616
3204447632
3204447628
3204447636
3204447628
3204447632
3204447636
3204447632
3204447564
3204447596
3204447620
3204447628
446654
3204447564
3204447588
3204447624
3204447632
446650
3204447564
3204447580
3204447624
3204447628
446646
3204447564
3204447572
3204447620
3204447632
446642
3204447552
3204447564
3204447564
3204447560
3204447560
3204447560
3204447564
446656
3204447564
446670
3204447568
3204447564
446656
3204447564
446670
3204447572
3204447564
446658
3204447564
446668
3204447576
3204447564
446658
3204447564
446668
3204447580
3204447564
446660
3204447564
446666
3204447584
3204447564
446660
3204447564
446666
3204447588
3204447564
446662
3204447564
446664
3204447592
3204447564
446662
3204447564
446664
3204447596
3204447568
3204447592
3204447600
3204447568
3204447592
3204447604
3204447576
3204447584
3204447608
3204447576
3204447584
3204447612
3204447600
3204447608
3204447564
446656
3204447564
3204447600
3204447608
446664
3204447616
3204447612
3204447604
3204447616
3204447620
3204447616
3204447564
3204447604
3204447616
3204447620
446660
3204447616
3204447564
3204447612
3204447616
3204447620
446668
3204447596
3204447572
3204447620
3204447588
3204447580
3204447624
3204447596
3204447580
3204447628
3204447588
3204447572
3204447632
3204447616
3204447628
3204447632
3204447616
3204447636
3204447616
3204447596
3204447616
3204447596
3204447616
3204447588
3204447616
3204447588
3204447616
3204447580
3204447616
3204447580
3204447616
3204447572
3204447616
3204447572
3204447616
3204447620
3204447616
3204447620
3204447616
3204447624
3204447616
3204447624
3204447616
3204447628
3204447616
3204447628
3204447616
3204447632
3204447616
3204447632
3204447628
3204447636
3204447628
3204447632
3204447636
3204447632
3204447564
3204447596
3204447620
3204447628
446670
3204447564
3204447588
3204447624
3204447632
446666
3204447564
3204447580
3204447624
3204447628
446662
3204447564
3204447572
3204447620
3204447632
446658
3204447552
3204447564
3204447564
3204447560
3204447560
3204447560
3204447564
446672
3204447564
446686
3204447568
3204447564
446672
3204447564
446686
3204447572
3204447564
446674
3204447564
446684
3204447576
3204447564
446674
3204447564
446684
3204447580
3204447564
446676
3204447564
446682
3204447584
3204447564
446676
3204447564
446682
3204447588
3204447564
446678
3204447564
446680
3204447592
3204447564
446678
3204447564
446680
3204447596
3204447568
3204447592
3204447600
3204447568
3204447592
3204447604
3204447576
3204447584
3204447608
3204447576
3204447584
3204447612
3204447600
3204447608
3204447564
446672
3204447564
3204447600
3204447608
446680
3204447616
3204447612
3204447604
3204447616
3204447620
3204447616
3204447564
3204447604
3204447616
3204447620
446676
3204447616
3204447564
3204447612
3204447616
3204447620
446684
3204447596
3204447572
3204447620
3204447588
3204447580
3204447624
3204447596
3204447580
3204447628
3204447588
3204447572
3204447632
3204447616
3204447628
3204447632
3204447616
3204447636
3204447616
3204447596
3204447616
3204447596
3204447616
3204447588
3204447616
3204447588
3204447616
3204447580
3204447616
3204447580
3204447616
3204447572
3204447616
3204447572
3204447616
3204447620
3204447616
3204447620
3204447616
3204447624
3204447616
3204447624
3204447616
3204447628
3204447616
3204447628
3204447616
3204447632
3204447616
3204447632
3204447628
3204447636
3204447628
3204447632
3204447636
3204447632
3204447564
3204447596
3204447620
3204447628
446686
3204447564
3204447588
3204447624
3204447632
446682
3204447564
3204447580
3204447624
3204447628
446678
3204447564
3204447572
3204447620
3204447632
446674
3204447552
3204447564
3204447564
3204447560
3204447560
3204447560
3204447564
446688
3204447564
446702
3204447568
3204447564
446688
3204447564
446702
3204447572
3204447564
446690
3204447564
446700
3204447576
3204447564
446690
3204447564
446700
3204447580
3204447564
446692
3204447564
446698
3204447584
3204447564
446692
3204447564
446698
3204447588
3204447564
446694
3204447564
446696
3204447592
3204447564
446694
3204447564
446696
3204447596
3204447568
3204447592
3204447600
3204447568
3204447592
3204447604
3204447576
3204447584
3204447608
3204447576
3204447584
3204447612
3204447600
3204447608
3204447564
446688
3204447564
3204447600
3204447608
446696
3204447616
3204447612
3204447604
3204447616
3204447620
3204447616
3204447564
3204447604
3204447616
3204447620
446692
3204447616
3204447564
3204447612
3204447616
3204447620
446700
3204447596
3204447572
3204447620
3204447588
3204447580
3204447624
3204447596
3204447580
3204447628
3204447588
3204447572
3204447632
3204447616
3204447628
3204447632
3204447616
3204447636
3204447616
3204447596
3204447616
3204447596
3204447616
3204447588
3204447616
3204447588
3204447616
3204447580
3204447616
3204447580
3204447616
3204447572
3204447616
3204447572
3204447616
3204447620
3204447616
3204447620
3204447616
3204447624
3204447616
3204447624
3204447616
3204447628
3204447616
3204447628
3204447616
3204447632
3204447616
3204447632
3204447628
3204447636
3204447628
3204447632
3204447636
3204447632
3204447564
3204447596
3204447620
3204447628
446702
3204447564
3204447588
3204447624
3204447632
446698
3204447564
3204447580
3204447624
3204447628
446694
3204447564
3204447572
3204447620
3204447632
446690
3204447552
3204447564
3204447564
3204447560
3204447560
3204447560
3204447564
446704
3204447564
446718
3204447568
3204447564
446704
3204447564
446718
3204447572
3204447564
446706
3204447564
446716
3204447576
3204447564
446706
3204447564
446716
3204447580
3204447564
446708
3204447564
446714
3204447584
3204447564
446708
3204447564
446714
3204447588
3204447564
446710
3204447564
446712
3204447592
3204447564
446710
3204447564
446712
3204447596
3204447568
3204447592
3204447600
3204447568
3204447592
3204447604
3204447576
3204447584
3204447608
3204447576
3204447584
3204447612
3204447600
3204447608
3204447564
446704
3204447564
3204447600
3204447608
446712
3204447616
3204447612
3204447604
3204447616
3204447620
3204447616
3204447564
3204447604
3204447616
3204447620
446708
3204447616
3204447564
3204447612
3204447616
3204447620
446716
3204447596
3204447572
3204447620
3204447588
3204447580
3204447624
3204447596
3204447580
3204447628
3204447588
3204447572
3204447632
3204447616
3204447628
3204447632
3204447616
3204447636
3204447616
3204447596
3204447616
3204447596
3204447616
3204447588
3204447616
3204447588
3204447616
3204447580
3204447616
3204447580
3204447616
3204447572
3204447616
3204447572
3204447616
3204447620
3204447616
3204447620
3204447616
3204447624
3204447616
3204447624
3204447616
3204447628
3204447616
3204447628
3204447616
3204447632
3204447616
3204447632
3204447628
3204447636
3204447628
3204447632
3204447636
3204447632
3204447564
3204447596
3204447620
3204447628
446718
3204447564
3204447588
3204447624
3204447632
446714
3204447564
3204447580
3204447624
3204447628
446710
3204447564
3204447572
3204447620
3204447632
446706
3204447552
3204447564
3204447564
3204447560
3204447560
3204447560
3204447556
3204447564
3204447560
3204447560
3204447564
446592
3204447552
3204447564
446704
3204447568
3204447564
446592
3204447552
3204447564
446704
3204447572
3204447552
3204447564
446608
3204447552
3204447564
446688
3204447576
3204447552
3204447564
446608
3204447552
3204447564
446688
3204447580
3204447552
3204447564
446624
3204447552
3204447564
446672
3204447584
3204447552
3204447564
446624
3204447552
3204447564
446672
3204447588
3204447552
3204447564
446640
3204447552
3204447564
446656
3204447592
3204447552
3204447564
446640
3204447552
3204447564
446656
3204447596
3204447568
3204447592
3204447600
3204447568
3204447592
3204447604
3204447576
3204447584
3204447608
3204447576
3204447584
3204447612
3204447600
3204447608
3204447564
446592
3204447552
3204447564
3204447600
3204447608
446656
3204447616
3204447612
3204447604
3204447616
3204447620
3204447616
3204447552
3204447564
3204447604
3204447616
3204447620
446624
3204447616
3204447552
3204447564
3204447612
3204447616
3204447620
446688
3204447596
3204447572
3204447620
3204447588
3204447580
3204447624
3204447596
3204447580
3204447628
3204447588
3204447572
3204447632
3204447616
3204447628
3204447632
3204447616
3204447636
3204447616
3204447596
3204447616
3204447596
3204447616
3204447588
3204447616
3204447588
3204447616
3204447580
3204447616
3204447580
3204447616
3204447572
3204447616
3204447572
3204447616
3204447620
3204447616
3204447620
3204447616
3204447624
3204447616
3204447624
3204447616
3204447628
3204447616
3204447628
3204447616
3204447632
3204447616
3204447632
3204447628
3204447636
3204447628
3204447632
3204447636
3204447632
3204447552
3204447564
3204447596
3204447620
3204447628
446704
3204447552
3204447564
3204447588
3204447624
3204447632
446672
3204447552
3204447564
3204447580
3204447624
3204447628
446640
3204447552
3204447564
3204447572
3204447620
3204447632
446608
3204447564
3204447564
3204447560
3204447560
3204447560
3204447564
446594
3204447552
3204447564
446706
3204447568
3204447564
446594
3204447552
3204447564
446706
3204447572
3204447552
3204447564
446610
3204447552
3204447564
446690
3204447576
3204447552
3204447564
446610
3204447552
3204447564
446690
3204447580
3204447552
3204447564
446626
3204447552
3204447564
446674
3204447584
3204447552
3204447564
446626
3204447552
3204447564
446674
3204447588
3204447552
3204447564
446642
3204447552
3204447564
446658
3204447592
3204447552
3204447564
446642
3204447552
3204447564
446658
3204447596
3204447568
3204447592
3204447600
3204447568
3204447592
3204447604
3204447576
3204447584
3204447608
3204447576
3204447584
3204447612
3204447600
3204447608
3204447564
446594
3204447552
3204447564
3204447600
3204447608
446658
3204447616
3204447612
3204447604
3204447616
3204447620
3204447616
3204447552
3204447564
3204447604
3204447616
3204447620
446626
3204447616
3204447552
3204447564
3204447612
3204447616
3204447620
446690
3204447596
3204447572
3204447620
3204447588
3204447580
3204447624
3204447596
3204447580
3204447628
3204447588
3204447572
3204447632
3204447616
3204447628
3204447632
3204447616
3204447636
3204447616
3204447596
3204447616
3204447596
3204447616
3204447588
3204447616
3204447588
3204447616
3204447580
3204447616
3204447580
3204447616
3204447572
3204447616
3204447572
3204447616
3204447620
3204447616
3204447620
3204447616
3204447624
3204447616
3204447624
3204447616
3204447628
3204447616
3204447628
3204447616
3204447632
3204447616
3204447632
3204447628
3204447636
3204447628
3204447632
3204447636
3204447632
3204447552
3204447564
3204447596
3204447620
3204447628
446706
3204447552
3204447564
3204447588
3204447624
3204447632
446674
3204447552
3204447564
3204447580
3204447624
3204447628
446642
3204447552
3204447564
3204447572
3204447620
3204447632
446610
3204447564
3204447564
3204447560
3204447560
3204447560
3204447564
446596
3204447552
3204447564
446708
3204447568
3204447564
446596
3204447552
3204447564
446708
3204447572
3204447552
3204447564
446612
3204447552
3204447564
446692
3204447576
3204447552
3204447564
446612
3204447552
3204447564
446692
3204447580
3204447552
3204447564
446628
3204447552
3204447564
446676
3204447584
3204447552
3204447564
446628
3204447552
3204447564
446676
3204447588
3204447552
3204447564
446644
3204447552
3204447564
446660
3204447592
3204447552
3204447564
446644
3204447552
3204447564
446660
3204447596
3204447568
3204447592
3204447600
3204447568
3204447592
3204447604
3204447576
3204447584
3204447608
3204447576
3204447584
3204447612
3204447600
3204447608
3204447564
446596
3204447552
3204447564
3204447600
3204447608
446660
3204447616
3204447612
3204447604
3204447616
3204447620
3204447616
3204447552
3204447564
3204447604
3204447616
3204447620
446628
3204447616
3204447552
3204447564
3204447612
3204447616
3204447620
446692
3204447596
3204447572
3204447620
3204447588
3204447580
3204447624
3204447596
3204447580
3204447628
3204447588
3204447572
3204447632
3204447616
3204447628
3204447632
3204447616
3204447636
3204447616
3204447596
3204447616
3204447596
3204447616
3204447588
3204447616
3204447588
3204447616
3204447580
3204447616
3204447580
3204447616
3204447572
3204447616
3204447572
3204447616
3204447620
3204447616
3204447620
3204447616
3204447624
3204447616
3204447624
3204447616
3204447628
3204447616
3204447628
3204447616
3204447632
3204447616
3204447632
3204447628
3204447636
3204447628
3204447632
3204447636
3204447632
3204447552
3204447564
3204447596
3204447620
3204447628
446708
3204447552
3204447564
3204447588
3204447624
3204447632
446676
3204447552
3204447564
3204447580
3204447624
3204447628
446644
3204447552
3204447564
3204447572
3204447620
3204447632
446612
3204447564
3204447564
3204447560
3204447560
3204447560
3204447564
446598
3204447552
3204447564
446710
3204447568
3204447564
446598
3204447552
3204447564
446710
3204447572
3204447552
3204447564
446614
3204447552
3204447564
446694
3204447576
3204447552
3204447564
446614
3204447552
3204447564
446694
3204447580
3204447552
3204447564
446630
3204447552
3204447564
446678
3204447584
3204447552
3204447564
446630
3204447552
3204447564
446678
3204447588
3204447552
3204447564
446646
3204447552
3204447564
446662
3204447592
3204447552
3204447564
446646
3204447552
3204447564
446662
3204447596
3204447568
3204447592
3204447600
3204447568
3204447592
3204447604
3204447576
3204447584
3204447608
3204447576
3204447584
3204447612
3204447600
3204447608
3204447564
446598
3204447552
3204447564
3204447600
3204447608
446662
3204447616
3204447612
3204447604
3204447616
3204447620
3204447616
3204447552
3204447564
3204447604
3204447616
3204447620
446630
3204447616
3204447552
3204447564
3204447612
3204447616
3204447620
446694
3204447596
3204447572
3204447620
3204447588
3204447580
3204447624
3204447596
3204447580
3204447628
3204447588
3204447572
3204447632
3204447616
3204447628
3204447632
3204447616
3204447636
3204447616
3204447596
3204447616
3204447596
3204447616
3204447588
3204447616
3204447588
3204447616
3204447580
3204447616
3204447580
3204447616
3204447572
3204447616
3204447572
3204447616
3204447620
3204447616
3204447620
3204447616
3204447624
3204447616
3204447624
3204447616
3204447628
3204447616
3204447628
3204447616
3204447632
3204447616
3204447632
3204447628
3204447636
3204447628
3204447632
3204447636
3204447632
3204447552
3204447564
3204447596
3204447620
3204447628
446710
3204447552
3204447564
3204447588
3204447624
3204447632
446678
3204447552
3204447564
3204447580
3204447624
3204447628
446646
3204447552
3204447564
3204447572
3204447620
3204447632
446614
3204447564
3204447564
3204447560
3204447560
3204447560
3204447564
446600
3204447552
3204447564
446712
3204447568
3204447564
446600
3204447552
3204447564
446712
3204447572
3204447552
3204447564
446616
3204447552
3204447564
446696
3204447576
3204447552
3204447564
446616
3204447552
3204447564
446696
3204447580
3204447552
3204447564
446632
3204447552
3204447564
446680
3204447584
3204447552
3204447564
446632
3204447552
3204447564
446680
3204447588
3204447552
3204447564
446648
3204447552
3204447564
446664
3204447592
3204447552
3204447564
446648
3204447552
3204447564
446664
3204447596
3204447568
3204447592
3204447600
3204447568
3204447592
3204447604
3204447576
3204447584
3204447608
3204447576
3204447584
3204447612
3204447600
3204447608
3204447564
446600
3204447552
3204447564
3204447600
3204447608
446664
3204447616
3204447612
3204447604
3204447616
3204447620
3204447616
3204447552
3204447564
3204447604
3204447616
3204447620
446632
3204447616
3204447552
3204447564
3204447612
3204447616
3204447620
446696
3204447596
3204447572
3204447620
3204447588
3204447580
3204447624
3204447596
3204447580
3204447628
3204447588
3204447572
3204447632
3204447616
3204447628
3204447632
3204447616
3204447636
3204447616
3204447596
3204447616
3204447596
3204447616
3204447588
3204447616
3204447588
3204447616
3204447580
3204447616
3204447580
3204447616
3204447572
3204447616
3204447572
3204447616
3204447620
3204447616
3204447620
3204447616
3204447624
3204447616
3204447624
3204447616
3204447628
3204447616
3204447628
3204447616
3204447632
3204447616
3204447632
3204447628
3204447636
3204447628
3204447632
3204447636
3204447632
3204447552
3204447564
3204447596
3204447620
3204447628
446712
3204447552
3204447564
3204447588
3204447624
3204447632
446680
3204447552
3204447564
3204447580
3204447624
3204447628
446648
3204447552
3204447564
3204447572
3204447620
3204447632
446616
3204447564
3204447564
3204447560
3204447560
3204447560
3204447564
446602
3204447552
3204447564
446714
3204447568
3204447564
446602
3204447552
3204447564
446714
3204447572
3204447552
3204447564
446618
3204447552
3204447564
446698
3204447576
3204447552
3204447564
446618
3204447552
3204447564
446698
3204447580
3204447552
3204447564
446634
3204447552
3204447564
446682
3204447584
3204447552
3204447564
446634
3204447552
3204447564
446682
3204447588
3204447552
3204447564
446650
3204447552
3204447564
446666
3204447592
3204447552
3204447564
446650
3204447552
3204447564
446666
3204447596
3204447568
3204447592
3204447600
3204447568
3204447592
3204447604
3204447576
3204447584
3204447608
3204447576
3204447584
3204447612
3204447600
3204447608
3204447564
446602
3204447552
3204447564
3204447600
3204447608
446666
3204447616
3204447612
3204447604
3204447616
3204447620
3204447616
3204447552
3204447564
3204447604
3204447616
3204447620
446634
3204447616
3204447552
3204447564
3204447612
3204447616
3204447620
446698
3204447596
3204447572
3204447620
3204447588
3204447580
3204447624
3204447596
3204447580
3204447628
3204447588
3204447572
3204447632
3204447616
3204447628
3204447632
3204447616
3204447636
3204447616
3204447596
3204447616
3204447596
3204447616
3204447588
3204447616
3204447588
3204447616
3204447580
3204447616
3204447580
3204447616
3204447572
3204447616
3204447572
3204447616
3204447620
3204447616
3204447620
3204447616
3204447624
3204447616
3204447624
3204447616
3204447628
3204447616
3204447628
3204447616
3204447632
3204447616
3204447632
3204447628
3204447636
3204447628
3204447632
3204447636
3204447632
3204447552
3204447564
3204447596
3204447620
3204447628
446714
3204447552
3204447564
3204447588
3204447624
3204447632
446682
3204447552
3204447564
3204447580
3204447624
3204447628
446650
3204447552
3204447564
3204447572
3204447620
3204447632
446618
3204447564
3204447564
3204447560
3204447560
3204447560
3204447564
446604
3204447552
3204447564
446716
3204447568
3204447564
446604
3204447552
3204447564
446716
3204447572
3204447552
3204447564
446620
3204447552
3204447564
446700
3204447576
3204447552
3204447564
446620
3204447552
3204447564
446700
3204447580
3204447552
3204447564
446636
3204447552
3204447564
446684
3204447584
3204447552
3204447564
446636
3204447552
3204447564
446684
3204447588
3204447552
3204447564
446652
3204447552
3204447564
446668
3204447592
3204447552
3204447564
446652
3204447552
3204447564
446668
3204447596
3204447568
3204447592
3204447600
3204447568
3204447592
3204447604
3204447576
3204447584
3204447608
3204447576
3204447584
3204447612
3204447600
3204447608
3204447564
446604
3204447552
3204447564
3204447600
3204447608
446668
3204447616
3204447612
3204447604
3204447616
3204447620
3204447616
3204447552
3204447564
3204447604
3204447616
3204447620
446636
3204447616
3204447552
3204447564
3204447612
3204447616
3204447620
446700
3204447596
3204447572
3204447620
3204447588
3204447580
3204447624
3204447596
3204447580
3204447628
3204447588
3204447572
3204447632
3204447616
3204447628
3204447632
3204447616
3204447636
3204447616
3204447596
3204447616
3204447596
3204447616
3204447588
3204447616
3204447588
3204447616
3204447580
3204447616
3204447580
3204447616
3204447572
3204447616
3204447572
3204447616
3204447620
3204447616
3204447620
3204447616
3204447624
3204447616
3204447624
3204447616
3204447628
3204447616
3204447628
3204447616
3204447632
3204447616
3204447632
3204447628
3204447636
3204447628
3204447632
3204447636
3204447632
3204447552
3204447564
3204447596
3204447620
3204447628
446716
3204447552
3204447564
3204447588
3204447624
3204447632
446684
3204447552
3204447564
3204447580
3204447624
3204447628
446652
3204447552
3204447564
3204447572
3204447620
3204447632
446620
3204447564
3204447564
3204447560
3204447560
3204447560
3204447564
446606
3204447552
3204447564
446718
3204447568
3204447564
446606
3204447552
3204447564
446718
3204447572
3204447552
3204447564
446622
3204447552
3204447564
446702
3204447576
3204447552
3204447564
446622
3204447552
3204447564
446702
3204447580
3204447552
3204447564
446638
3204447552
3204447564
446686
3204447584
3204447552
3204447564
446638
3204447552
3204447564
446686
3204447588
3204447552
3204447564
446654
3204447552
3204447564
446670
3204447592
3204447552
3204447564
446654
3204447552
3204447564
446670
3204447596
3204447568
3204447592
3204447600
3204447568
3204447592
3204447604
3204447576
3204447584
3204447608
3204447576
3204447584
3204447612
3204447600
3204447608
3204447564
446606
3204447552
3204447564
3204447600
3204447608
446670
3204447616
3204447612
3204447604
3204447616
3204447620
3204447616
3204447552
3204447564
3204447604
3204447616
3204447620
446638
3204447616
3204447552
3204447564
3204447612
3204447616
3204447620
446702
3204447596
3204447572
3204447620
3204447588
3204447580
3204447624
3204447596
3204447580
3204447628
3204447588
3204447572
3204447632
3204447616
3204447628
3204447632
3204447616
3204447636
3204447616
3204447596
3204447616
3204447596
3204447616
3204447588
3204447616
3204447588
3204447616
3204447580
3204447616
3204447580
3204447616
3204447572
3204447616
3204447572
3204447616
3204447620
3204447616
3204447620
3204447616
3204447624
3204447616
3204447624
3204447616
3204447628
3204447616
3204447628
3204447616
3204447632
3204447616
3204447632
3204447628
3204447636
3204447628
3204447632
3204447636
3204447632
3204447552
3204447564
3204447596
3204447620
3204447628
446718
3204447552
3204447564
3204447588
3204447624
3204447632
446686
3204447552
3204447564
3204447580
3204447624
3204447628
446654
3204447552
3204447564
3204447572
3204447620
3204447632
446622
3204447564
3204447564
3204447560
3204447560
3204447560
3204447644
446592
3204447648
