36692
36694
36696
36700
36704
36706
35272
35274
35276
35278
35280
35282
35284
35286
35288
35290
35898
35900
35902
35292
35294
35296
35298
35300
35302
35304
35306
35308
35310
35312
35314
35316
35318
35320
35322
35324
35326
35328
35330
35332
35334
35336
35338
35340
35342
35344
35346
35348
35350
35352
35354
35356
35358
35360
35362
35364
35366
35368
35370
35372
35374
35376
35378
35380
35382
35384
35386
35388
35390
35392
35394
35396
35398
35400
35402
35404
35406
35408
35410
35412
35414
35416
35418
35420
35422
35424
35426
35428
35430
35432
35434
35436
35438
35440
35442
35444
35446
35448
35450
35452
35454
35456
35458
35460
35462
35464
35466
35468
35470
35472
35474
35476
35478
35480
35482
35484
35486
35488
35490
35492
35494
35496
35498
35500
35502
35504
35506
35508
35510
35514
35516
35518
35520
35522
35524
35528
35530
35534
35536
35538
35540
35542
35544
35548
35550
35552
35554
35556
35558
35562
35566
35568
35570
35572
35574
35576
35580
35582
35584
35586
35588
35590
35592
35594
35596
35598
35600
35602
35604
35606
35608
35610
35612
35614
35616
35618
35620
35622
35626
35628
35630
35632
35634
35636
35640
35642
35646
35648
35650
35652
35656
35658
35662
35664
35666
35668
35672
35674
35678
35680
35682
35684
35688
35690
35694
35696
35698
35700
35704
35706
35710
35714
35716
35718
35720
35724
35726
35730
35734
35736
35738
35740
35744
35746
35750
35754
35756
35758
35760
35764
35766
35770
35774
35776
35778
35780
35784
35786
35788
35790
35792
35794
35796
35798
35800
35802
35804
35806
35808
35810
35812
35814
35816
35818
35820
35822
35824
35826
35828
35830
35832
35834
35836
35838
35840
35842
35844
35846
35848
35850
35852
35854
35856
35858
35860
35862
35864
35866
35868
35870
35872
35874
35876
35878
35880
35882
35884
35886
35888
35890
35892
35894
35896
35898
35900
35902
35292
35294
35296
35298
35300
35302
35304
35306
35308
35310
35312
35314
35316
35318
35320
35322
35324
35326
35328
35330
35332
35334
35336
35338
35340
35342
35344
35346
35348
35350
35352
35354
35356
35358
35360
35362
35364
35366
35368
35370
35372
35374
35376
35378
35380
35382
35384
35386
35388
35390
35392
35394
35396
35398
35400
35402
35404
35406
35408
35410
35412
35414
35416
35418
35420
35422
35424
35426
35428
35430
35432
35434
35436
35438
35440
35442
35444
35446
35448
35450
35452
35454
35456
35458
35460
35462
35464
35466
35468
35470
35472
35474
35476
35478
35480
35482
35484
35486
35488
35490
35492
35494
35496
35498
35500
35502
35504
35506
35508
35510
35514
35516
35518
35520
35522
35524
35528
35530
35534
35536
35538
35540
35542
35544
35548
35550
35552
35554
35556
35558
35562
35566
35568
35570
35572
35574
35576
35580
35582
35584
35586
35588
35590
35592
35594
35596
35598
35600
35602
35604
35606
35608
35610
35612
35614
35616
35618
35620
35622
35626
35628
35630
35632
35634
35636
35640
35642
35646
35648
35650
35652
35656
35658
35662
35664
35666
35668
35672
35674
35678
35680
35682
35684
35688
35690
35694
35696
35698
35700
35704
35706
35710
35714
35716
35718
35720
35724
35726
35730
35734
35736
35738
35740
35744
35746
35750
35754
35756
35758
35760
35764
35766
35770
35774
35776
35778
35780
35784
35786
35788
35790
35792
35794
35796
35798
35800
35802
35804
35806
35808
35810
35812
35814
35816
35818
35820
35822
35824
35826
35828
35830
35832
35834
35836
35838
35840
35842
35844
35846
35848
35850
35852
35854
35856
35858
35860
35862
35864
35866
35868
35870
35872
35874
35876
35878
35880
35882
35884
35886
35888
35890
35892
35894
35896
35898
35900
35902
35292
35294
35296
35298
35300
35302
35304
35306
35308
35310
35312
35314
35316
35318
35320
35322
35324
35326
35328
35330
35332
35334
35336
35338
35340
35342
35344
35346
35348
35350
35352
35354
35356
35358
35360
35362
35364
35366
35368
35370
35372
35374
35376
35378
35380
35382
35384
35386
35388
35390
35392
35394
35396
35398
35400
35402
35404
35406
35408
35410
35412
35414
35416
35418
35420
35422
35424
35426
35428
35430
35432
35434
35436
35438
35440
35442
35444
35446
35448
35450
35452
35454
35456
35458
35460
35462
35464
35466
35468
35470
35472
35474
35476
35478
35480
35482
35484
35486
35488
35490
35492
35494
35496
35498
35500
35502
35504
35506
35508
35510
35514
35516
35518
35520
35522
35524
35528
35530
35534
35536
35538
35540
35542
35544
35548
35550
35552
35554
35556
35558
35562
35566
35568
35570
35572
35574
35576
35580
35582
35584
35586
35588
35590
35592
35594
35596
35598
35600
35602
35604
35606
35608
35610
35612
35614
35616
35618
35620
35622
35626
35628
35630
35632
35634
35636
35640
35642
35646
35648
35650
35652
35656
35658
35662
35664
35666
35668
35672
35674
35678
35680
35682
35684
35688
35690
35694
35696
35698
35700
35704
35706
35710
35714
35716
35718
35720
35724
35726
35730
35734
35736
35738
35740
35744
35746
35750
35754
35756
35758
35760
35764
35766
35770
35774
35776
35778
35780
35784
35786
35788
35790
35792
35794
35796
35798
35800
35802
35804
35806
35808
35810
35812
35814
35816
35818
35820
35822
35824
35826
35828
35830
35832
35834
35836
35838
35840
35842
35844
35846
35848
35850
35852
35854
35856
35858
35860
35862
35864
35866
35868
35870
35872
35874
35876
35878
35880
35882
35884
35886
35888
35890
35892
35894
35896
35898
35900
35902
35292
35294
35296
35298
35300
35302
35304
35306
35308
35310
35312
35314
35316
35318
35320
35322
35324
35326
35328
35330
35332
35334
35336
35338
35340
35342
35344
35346
35348
35350
35352
35354
35356
35358
35360
35362
35364
35366
35368
35370
35372
35374
35376
35378
35380
35382
35384
35386
35388
35390
35392
35394
35396
35398
35400
35402
35404
35406
35408
35410
35412
35414
35416
35418
35420
35422
35424
35426
35428
35430
35432
35434
35436
35438
35440
35442
35444
35446
35448
35450
35452
35454
35456
35458
35460
35462
35464
35466
35468
35470
35472
35474
35476
35478
35480
35482
35484
35486
35488
35490
35492
35494
35496
35498
35500
35502
35504
35506
35508
35510
35514
35516
35518
35520
35522
35524
35528
35530
35534
35536
35538
35540
35542
35544
35548
35550
35552
35554
35556
35558
35562
35566
35568
35570
35572
35574
35576
35580
35582
35584
35586
35588
35590
35592
35594
35596
35598
35600
35602
35604
35606
35608
35610
35612
35614
35616
35618
35620
35622
35626
35628
35630
35632
35634
35636
35640
35642
35646
35648
35650
35652
35656
35658
35662
35664
35666
35668
35672
35674
35678
35680
35682
35684
35688
35690
35694
35696
35698
35700
35704
35706
35710
35714
35716
35718
35720
35724
35726
35730
35734
35736
35738
35740
35744
35746
35750
35754
35756
35758
35760
35764
35766
35770
35774
35776
35778
35780
35784
35786
35788
35790
35792
35794
35796
35798
35800
35802
35804
35806
35808
35810
35812
35814
35816
35818
35820
35822
35824
35826
35828
35830
35832
35834
35836
35838
35840
35842
35844
35846
35848
35850
35852
35854
35856
35858
35860
35862
35864
35866
35868
35870
35872
35874
35876
35878
35880
35882
35884
35886
35888
35890
35892
35894
35896
35898
35900
35902
35292
35294
35296
35298
35300
35302
35304
35306
35308
35310
35312
35314
35316
35318
35320
35322
35324
35326
35328
35330
35332
35334
35336
35338
35340
35342
35344
35346
35348
35350
35352
35354
35356
35358
35360
35362
35364
35366
35368
35370
35372
35374
35376
35378
35380
35382
35384
35386
35388
35390
35392
35394
35396
35398
35400
35402
35404
35406
35408
35410
35412
35414
35416
35418
35420
35422
35424
35426
35428
35430
35432
35434
35436
35438
35440
35442
35444
35446
35448
35450
35452
35454
35456
35458
35460
35462
35464
35466
35468
35470
35472
35474
35476
35478
35480
35482
35484
35486
35488
35490
35492
35494
35496
35498
35500
35502
35504
35506
35508
35510
35514
35516
35518
35520
35522
35524
35528
35530
35534
35536
35538
35540
35542
35544
35548
35550
35552
35554
35556
35558
35562
35566
35568
35570
35572
35574
35576
35580
35582
35584
35586
35588
35590
35592
35594
35596
35598
35600
35602
35604
35606
35608
35610
35612
35614
35616
35618
35620
35622
35626
35628
35630
35632
35634
35636
35640
35642
35646
35648
35650
35652
35656
35658
35662
35664
35666
35668
35672
35674
35678
35680
35682
35684
35688
35690
35694
35696
35698
35700
35704
35706
35710
35714
35716
35718
35720
35724
35726
35730
35734
35736
35738
35740
35744
35746
35750
35754
35756
35758
35760
35764
35766
35770
35774
35776
35778
35780
35784
35786
35788
35790
35792
35794
35796
35798
35800
35802
35804
35806
35808
35810
35812
35814
35816
35818
35820
35822
35824
35826
35828
35830
35832
35834
35836
35838
35840
35842
35844
35846
35848
35850
35852
35854
35856
35858
35860
35862
35864
35866
35868
35870
35872
35874
35876
35878
35880
35882
35884
35886
35888
35890
35892
35894
35896
35898
35900
35902
35292
35294
35296
35298
35300
35302
35304
35306
35308
35310
35312
35314
35316
35318
35320
35322
35324
35326
35328
35330
35332
35334
35336
35338
35340
35342
35344
35346
35348
35350
35352
35354
35356
35358
35360
35362
35364
35366
35368
35370
35372
35374
35376
35378
35380
35382
35384
35386
35388
35390
35392
35394
35396
35398
35400
35402
35404
35406
35408
35410
35412
35414
35416
35418
35420
35422
35424
35426
35428
35430
35432
35434
35436
35438
35440
35442
35444
35446
35448
35450
35452
35454
35456
35458
35460
35462
35464
35466
35468
35470
35472
35474
35476
35478
35480
35482
35484
35486
35488
35490
35492
35494
35496
35498
35500
35502
35504
35506
35508
35510
35514
35516
35518
35520
35522
35524
35528
35530
35534
35536
35538
35540
35542
35544
35548
35550
35552
35554
35556
35558
35562
35566
35568
35570
35572
35574
35576
35580
35582
35584
35586
35588
35590
35592
35594
35596
35598
35600
35602
35604
35606
35608
35610
35612
35614
35616
35618
35620
35622
35626
35628
35630
35632
35634
35636
35640
35642
35646
35648
35650
35652
35656
35658
35662
35664
35666
35668
35672
35674
35678
35680
35682
35684
35688
35690
35694
35696
35698
35700
35704
35706
35710
35714
35716
35718
35720
35724
35726
35730
35734
35736
35738
35740
35744
35746
35750
35754
35756
35758
35760
35764
35766
35770
35774
35776
35778
35780
35784
35786
35788
35790
35792
35794
35796
35798
35800
35802
35804
35806
35808
35810
35812
35814
35816
35818
35820
35822
35824
35826
35828
35830
35832
35834
35836
35838
35840
35842
35844
35846
35848
35850
35852
35854
35856
35858
35860
35862
35864
35866
35868
35870
35872
35874
35876
35878
35880
35882
35884
35886
35888
35890
35892
35894
35896
35898
35900
35902
35292
35294
35296
35298
35300
35302
35304
35306
35308
35310
35312
35314
35316
35318
35320
35322
35324
35326
35328
35330
35332
35334
35336
35338
35340
35342
35344
35346
35348
35350
35352
35354
35356
35358
35360
35362
35364
35366
35368
35370
35372
35374
35376
35378
35380
35382
35384
35386
35388
35390
35392
35394
35396
35398
35400
35402
35404
35406
35408
35410
35412
35414
35416
35418
35420
35422
35424
35426
35428
35430
35432
35434
35436
35438
35440
35442
35444
35446
35448
35450
35452
35454
35456
35458
35460
35462
35464
35466
35468
35470
35472
35474
35476
35478
35480
35482
35484
35486
35488
35490
35492
35494
35496
35498
35500
35502
35504
35506
35508
35510
35514
35516
35518
35520
35522
35524
35528
35530
35534
35536
35538
35540
35542
35544
35548
35550
35552
35554
35556
35558
35562
35566
35568
35570
35572
35574
35576
35580
35582
35584
35586
35588
35590
35592
35594
35596
35598
35600
35602
35604
35606
35608
35610
35612
35614
35616
35618
35620
35622
35626
35628
35630
35632
35634
35636
35640
35642
35646
35648
35650
35652
35656
35658
35662
35664
35666
35668
35672
35674
35678
35680
35682
35684
35688
35690
35694
35696
35698
35700
35704
35706
35710
35714
35716
35718
35720
35724
35726
35730
35734
35736
35738
35740
35744
35746
35750
35754
35756
35758
35760
35764
35766
35770
35774
35776
35778
35780
35784
35786
35788
35790
35792
35794
35796
35798
35800
35802
35804
35806
35808
35810
35812
35814
35816
35818
35820
35822
35824
35826
35828
35830
35832
35834
35836
35838
35840
35842
35844
35846
35848
35850
35852
35854
35856
35858
35860
35862
35864
35866
35868
35870
35872
35874
35876
35878
35880
35882
35884
35886
35888
35890
35892
35894
35896
35898
35900
35902
35292
35294
35296
35298
35300
35302
35304
35306
35308
35310
35312
35314
35316
35318
35320
35322
35324
35326
35328
35330
35332
35334
35336
35338
35340
35342
35344
35346
35348
35350
35352
35354
35356
35358
35360
35362
35364
35366
35368
35370
35372
35374
35376
35378
35380
35382
35384
35386
35388
35390
35392
35394
35396
35398
35400
35402
35404
35406
35408
35410
35412
35414
35416
35418
35420
35422
35424
35426
35428
35430
35432
35434
35436
35438
35440
35442
35444
35446
35448
35450
35452
35454
35456
35458
35460
35462
35464
35466
35468
35470
35472
35474
35476
35478
35480
35482
35484
35486
35488
35490
35492
35494
35496
35498
35500
35502
35504
35506
35508
35510
35514
35516
35518
35520
35522
35524
35528
35530
35534
35536
35538
35540
35542
35544
35548
35550
35552
35554
35556
35558
35562
35566
35568
35570
35572
35574
35576
35580
35582
35584
35586
35588
35590
35592
35594
35596
35598
35600
35602
35604
35606
35608
35610
35612
35614
35616
35618
35620
35622
35626
35628
35630
35632
35634
35636
35640
35642
35646
35648
35650
35652
35656
35658
35662
35664
35666
35668
35672
35674
35678
35680
35682
35684
35688
35690
35694
35696
35698
35700
35704
35706
35710
35714
35716
35718
35720
35724
35726
35730
35734
35736
35738
35740
35744
35746
35750
35754
35756
35758
35760
35764
35766
35770
35774
35776
35778
35780
35784
35786
35788
35790
35792
35794
35796
35798
35800
35802
35804
35806
35808
35810
35812
35814
35816
35818
35820
35822
35824
35826
35828
35830
35832
35834
35836
35838
35840
35842
35844
35846
35848
35850
35852
35854
35856
35858
35860
35862
35864
35866
35868
35870
35872
35874
35876
35878
35880
35882
35884
35886
35888
35890
35892
35894
35896
35898
35900
35902
35906
35908
35910
35912
35914
36674
36676
36678
35916
35918
35920
35922
35924
35926
35928
35930
35932
35934
35936
35938
35940
35942
35944
35946
35948
35950
35952
35954
35956
35958
35960
35962
35964
35966
35968
35970
35972
35974
35976
35978
35980
35982
35984
35986
35988
35990
35992
35994
35996
35998
36000
36002
36004
36006
36008
36010
36012
36014
36016
36018
36020
36022
36024
36026
36028
36030
36032
36034
36036
36038
36040
36042
36044
36046
36048
36050
36052
36054
36056
36058
36060
36062
36064
36066
36068
36070
36072
36074
36076
36078
36080
36082
36084
36086
36088
36090
36092
36094
36096
36098
36100
36102
36104
36106
36108
36110
36112
36114
36116
36118
36120
36122
36124
36126
36128
36130
36132
36134
36136
36138
36140
36142
36144
36146
36148
36150
36152
36154
36156
36158
36160
36162
36164
36166
36168
36170
36172
36174
36176
36178
36180
36182
36184
36186
36188
36190
36192
36194
36196
36198
36200
36202
36204
36206
36208
36210
36212
36214
36216
36218
36220
36222
36224
36226
36228
36230
36232
36234
36236
36238
36240
36242
36246
36248
36250
36252
36254
36256
36260
36262
36266
36268
36270
36272
36274
36276
36278
36280
36284
36286
36288
36290
36292
36294
36298
36302
36304
36306
36308
36310
36312
36314
36316
36318
36320
36322
36326
36328
36330
36332
36334
36336
36338
36340
36342
36344
36346
36348
36350
36352
36354
36356
36358
36360
36362
36364
36366
36368
36372
36374
36376
36378
36380
36382
36386
36388
36392
36394
36396
36398
36402
36404
36408
36410
36412
36414
36418
36420
36424
36426
36428
36430
36434
36436
36440
36442
36444
36446
36450
36452
36456
36460
36462
36464
36466
36470
36472
36476
36480
36482
36484
36486
36490
36492
36496
36500
36502
36504
36506
36510
36512
36516
36520
36522
36524
36526
36530
36532
36534
36536
36538
36540
36542
36544
36546
36548
36550
36552
36554
36556
36558
36560
36562
36564
36566
36568
36570
36572
36574
36576
36578
36580
36582
36584
36586
36588
36590
36592
36594
36596
36598
36600
36602
36604
36606
36608
36610
36612
36614
36616
36618
36620
36622
36624
36626
36628
36630
36632
36634
36636
36638
36640
36642
36644
36646
36648
36650
36652
36654
36656
36658
36660
36662
36664
36666
36668
36670
36672
36674
36676
36678
35916
35918
35920
35922
35924
35926
35928
35930
35932
35934
35936
35938
35940
35942
35944
35946
35948
35950
35952
35954
35956
35958
35960
35962
35964
35966
35968
35970
35972
35974
35976
35978
35980
35982
35984
35986
35988
35990
35992
35994
35996
35998
36000
36002
36004
36006
36008
36010
36012
36014
36016
36018
36020
36022
36024
36026
36028
36030
36032
36034
36036
36038
36040
36042
36044
36046
36048
36050
36052
36054
36056
36058
36060
36062
36064
36066
36068
36070
36072
36074
36076
36078
36080
36082
36084
36086
36088
36090
36092
36094
36096
36098
36100
36102
36104
36106
36108
36110
36112
36114
36116
36118
36120
36122
36124
36126
36128
36130
36132
36134
36136
36138
36140
36142
36144
36146
36148
36150
36152
36154
36156
36158
36160
36162
36164
36166
36168
36170
36172
36174
36176
36178
36180
36182
36184
36186
36188
36190
36192
36194
36196
36198
36200
36202
36204
36206
36208
36210
36212
36214
36216
36218
36220
36222
36224
36226
36228
36230
36232
36234
36236
36238
36240
36242
36246
36248
36250
36252
36254
36256
36260
36262
36266
36268
36270
36272
36274
36276
36278
36280
36284
36286
36288
36290
36292
36294
36298
36302
36304
36306
36308
36310
36312
36314
36316
36318
36320
36322
36326
36328
36330
36332
36334
36336
36338
36340
36342
36344
36346
36348
36350
36352
36354
36356
36358
36360
36362
36364
36366
36368
36372
36374
36376
36378
36380
36382
36386
36388
36392
36394
36396
36398
36402
36404
36408
36410
36412
36414
36418
36420
36424
36426
36428
36430
36434
36436
36440
36442
36444
36446
36450
36452
36456
36460
36462
36464
36466
36470
36472
36476
36480
36482
36484
36486
36490
36492
36496
36500
36502
36504
36506
36510
36512
36516
36520
36522
36524
36526
36530
36532
36534
36536
36538
36540
36542
36544
36546
36548
36550
36552
36554
36556
36558
36560
36562
36564
36566
36568
36570
36572
36574
36576
36578
36580
36582
36584
36586
36588
36590
36592
36594
36596
36598
36600
36602
36604
36606
36608
36610
36612
36614
36616
36618
36620
36622
36624
36626
36628
36630
36632
36634
36636
36638
36640
36642
36644
36646
36648
36650
36652
36654
36656
36658
36660
36662
36664
36666
36668
36670
36672
36674
36676
36678
35916
35918
35920
35922
35924
35926
35928
35930
35932
35934
35936
35938
35940
35942
35944
35946
35948
35950
35952
35954
35956
35958
35960
35962
35964
35966
35968
35970
35972
35974
35976
35978
35980
35982
35984
35986
35988
35990
35992
35994
35996
35998
36000
36002
36004
36006
36008
36010
36012
36014
36016
36018
36020
36022
36024
36026
36028
36030
36032
36034
36036
36038
36040
36042
36044
36046
36048
36050
36052
36054
36056
36058
36060
36062
36064
36066
36068
36070
36072
36074
36076
36078
36080
36082
36084
36086
36088
36090
36092
36094
36096
36098
36100
36102
36104
36106
36108
36110
36112
36114
36116
36118
36120
36122
36124
36126
36128
36130
36132
36134
36136
36138
36140
36142
36144
36146
36148
36150
36152
36154
36156
36158
36160
36162
36164
36166
36168
36170
36172
36174
36176
36178
36180
36182
36184
36186
36188
36190
36192
36194
36196
36198
36200
36202
36204
36206
36208
36210
36212
36214
36216
36218
36220
36222
36224
36226
36228
36230
36232
36234
36236
36238
36240
36242
36246
36248
36250
36252
36254
36256
36260
36262
36266
36268
36270
36272
36274
36276
36278
36280
36284
36286
36288
36290
36292
36294
36298
36302
36304
36306
36308
36310
36312
36314
36316
36318
36320
36322
36326
36328
36330
36332
36334
36336
36338
36340
36342
36344
36346
36348
36350
36352
36354
36356
36358
36360
36362
36364
36366
36368
36372
36374
36376
36378
36380
36382
36386
36388
36392
36394
36396
36398
36402
36404
36408
36410
36412
36414
36418
36420
36424
36426
36428
36430
36434
36436
36440
36442
36444
36446
36450
36452
36456
36460
36462
36464
36466
36470
36472
36476
36480
36482
36484
36486
36490
36492
36496
36500
36502
36504
36506
36510
36512
36516
36520
36522
36524
36526
36530
36532
36534
36536
36538
36540
36542
36544
36546
36548
36550
36552
36554
36556
36558
36560
36562
36564
36566
36568
36570
36572
36574
36576
36578
36580
36582
36584
36586
36588
36590
36592
36594
36596
36598
36600
36602
36604
36606
36608
36610
36612
36614
36616
36618
36620
36622
36624
36626
36628
36630
36632
36634
36636
36638
36640
36642
36644
36646
36648
36650
36652
36654
36656
36658
36660
36662
36664
36666
36668
36670
36672
36674
36676
36678
35916
35918
35920
35922
35924
35926
35928
35930
35932
35934
35936
35938
35940
35942
35944
35946
35948
35950
35952
35954
35956
35958
35960
35962
35964
35966
35968
35970
35972
35974
35976
35978
35980
35982
35984
35986
35988
35990
35992
35994
35996
35998
36000
36002
36004
36006
36008
36010
36012
36014
36016
36018
36020
36022
36024
36026
36028
36030
36032
36034
36036
36038
36040
36042
36044
36046
36048
36050
36052
36054
36056
36058
36060
36062
36064
36066
36068
36070
36072
36074
36076
36078
36080
36082
36084
36086
36088
36090
36092
36094
36096
36098
36100
36102
36104
36106
36108
36110
36112
36114
36116
36118
36120
36122
36124
36126
36128
36130
36132
36134
36136
36138
36140
36142
36144
36146
36148
36150
36152
36154
36156
36158
36160
36162
36164
36166
36168
36170
36172
36174
36176
36178
36180
36182
36184
36186
36188
36190
36192
36194
36196
36198
36200
36202
36204
36206
36208
36210
36212
36214
36216
36218
36220
36222
36224
36226
36228
36230
36232
36234
36236
36238
36240
36242
36246
36248
36250
36252
36254
36256
36260
36262
36266
36268
36270
36272
36274
36276
36278
36280
36284
36286
36288
36290
36292
36294
36298
36302
36304
36306
36308
36310
36312
36314
36316
36318
36320
36322
36326
36328
36330
36332
36334
36336
36338
36340
36342
36344
36346
36348
36350
36352
36354
36356
36358
36360
36362
36364
36366
36368
36372
36374
36376
36378
36380
36382
36386
36388
36392
36394
36396
36398
36402
36404
36408
36410
36412
36414
36418
36420
36424
36426
36428
36430
36434
36436
36440
36442
36444
36446
36450
36452
36456
36460
36462
36464
36466
36470
36472
36476
36480
36482
36484
36486
36490
36492
36496
36500
36502
36504
36506
36510
36512
36516
36520
36522
36524
36526
36530
36532
36534
36536
36538
36540
36542
36544
36546
36548
36550
36552
36554
36556
36558
36560
36562
36564
36566
36568
36570
36572
36574
36576
36578
36580
36582
36584
36586
36588
36590
36592
36594
36596
36598
36600
36602
36604
36606
36608
36610
36612
36614
36616
36618
36620
36622
36624
36626
36628
36630
36632
36634
36636
36638
36640
36642
36644
36646
36648
36650
36652
36654
36656
36658
36660
36662
36664
36666
36668
36670
36672
36674
36676
36678
35916
35918
35920
35922
35924
35926
35928
35930
35932
35934
35936
35938
35940
35942
35944
35946
35948
35950
35952
35954
35956
35958
35960
35962
35964
35966
35968
35970
35972
35974
35976
35978
35980
35982
35984
35986
35988
35990
35992
35994
35996
35998
36000
36002
36004
36006
36008
36010
36012
36014
36016
36018
36020
36022
36024
36026
36028
36030
36032
36034
36036
36038
36040
36042
36044
36046
36048
36050
36052
36054
36056
36058
36060
36062
36064
36066
36068
36070
36072
36074
36076
36078
36080
36082
36084
36086
36088
36090
36092
36094
36096
36098
36100
36102
36104
36106
36108
36110
36112
36114
36116
36118
36120
36122
36124
36126
36128
36130
36132
36134
36136
36138
36140
36142
36144
36146
36148
36150
36152
36154
36156
36158
36160
36162
36164
36166
36168
36170
36172
36174
36176
36178
36180
36182
36184
36186
36188
36190
36192
36194
36196
36198
36200
36202
36204
36206
36208
36210
36212
36214
36216
36218
36220
36222
36224
36226
36228
36230
36232
36234
36236
36238
36240
36242
36246
36248
36250
36252
36254
36256
36260
36262
36266
36268
36270
36272
36274
36276
36278
36280
36284
36286
36288
36290
36292
36294
36298
36302
36304
36306
36308
36310
36312
36314
36316
36318
36320
36322
36326
36328
36330
36332
36334
36336
36338
36340
36342
36344
36346
36348
36350
36352
36354
36356
36358
36360
36362
36364
36366
36368
36372
36374
36376
36378
36380
36382
36386
36388
36392
36394
36396
36398
36402
36404
36408
36410
36412
36414
36418
36420
36424
36426
36428
36430
36434
36436
36440
36442
36444
36446
36450
36452
36456
36460
36462
36464
36466
36470
36472
36476
36480
36482
36484
36486
36490
36492
36496
36500
36502
36504
36506
36510
36512
36516
36520
36522
36524
36526
36530
36532
36534
36536
36538
36540
36542
36544
36546
36548
36550
36552
36554
36556
36558
36560
36562
36564
36566
36568
36570
36572
36574
36576
36578
36580
36582
36584
36586
36588
36590
36592
36594
36596
36598
36600
36602
36604
36606
36608
36610
36612
36614
36616
36618
36620
36622
36624
36626
36628
36630
36632
36634
36636
36638
36640
36642
36644
36646
36648
36650
36652
36654
36656
36658
36660
36662
36664
36666
36668
36670
36672
36674
36676
36678
35916
35918
35920
35922
35924
35926
35928
35930
35932
35934
35936
35938
35940
35942
35944
35946
35948
35950
35952
35954
35956
35958
35960
35962
35964
35966
35968
35970
35972
35974
35976
35978
35980
35982
35984
35986
35988
35990
35992
35994
35996
35998
36000
36002
36004
36006
36008
36010
36012
36014
36016
36018
36020
36022
36024
36026
36028
36030
36032
36034
36036
36038
36040
36042
36044
36046
36048
36050
36052
36054
36056
36058
36060
36062
36064
36066
36068
36070
36072
36074
36076
36078
36080
36082
36084
36086
36088
36090
36092
36094
36096
36098
36100
36102
36104
36106
36108
36110
36112
36114
36116
36118
36120
36122
36124
36126
36128
36130
36132
36134
36136
36138
36140
36142
36144
36146
36148
36150
36152
36154
36156
36158
36160
36162
36164
36166
36168
36170
36172
36174
36176
36178
36180
36182
36184
36186
36188
36190
36192
36194
36196
36198
36200
36202
36204
36206
36208
36210
36212
36214
36216
36218
36220
36222
36224
36226
36228
36230
36232
36234
36236
36238
36240
36242
36246
36248
36250
36252
36254
36256
36260
36262
36266
36268
36270
36272
36274
36276
36278
36280
36284
36286
36288
36290
36292
36294
36298
36302
36304
36306
36308
36310
36312
36314
36316
36318
36320
36322
36326
36328
36330
36332
36334
36336
36338
36340
36342
36344
36346
36348
36350
36352
36354
36356
36358
36360
36362
36364
36366
36368
36372
36374
36376
36378
36380
36382
36386
36388
36392
36394
36396
36398
36402
36404
36408
36410
36412
36414
36418
36420
36424
36426
36428
36430
36434
36436
36440
36442
36444
36446
36450
36452
36456
36460
36462
36464
36466
36470
36472
36476
36480
36482
36484
36486
36490
36492
36496
36500
36502
36504
36506
36510
36512
36516
36520
36522
36524
36526
36530
36532
36534
36536
36538
36540
36542
36544
36546
36548
36550
36552
36554
36556
36558
36560
36562
36564
36566
36568
36570
36572
36574
36576
36578
36580
36582
36584
36586
36588
36590
36592
36594
36596
36598
36600
36602
36604
36606
36608
36610
36612
36614
36616
36618
36620
36622
36624
36626
36628
36630
36632
36634
36636
36638
36640
36642
36644
36646
36648
36650
36652
36654
36656
36658
36660
36662
36664
36666
36668
36670
36672
36674
36676
36678
35916
35918
35920
35922
35924
35926
35928
35930
35932
35934
35936
35938
35940
35942
35944
35946
35948
35950
35952
35954
35956
35958
35960
35962
35964
35966
35968
35970
35972
35974
35976
35978
35980
35982
35984
35986
35988
35990
35992
35994
35996
35998
36000
36002
36004
36006
36008
36010
36012
36014
36016
36018
36020
36022
36024
36026
36028
36030
36032
36034
36036
36038
36040
36042
36044
36046
36048
36050
36052
36054
36056
36058
36060
36062
36064
36066
36068
36070
36072
36074
36076
36078
36080
36082
36084
36086
36088
36090
36092
36094
36096
36098
36100
36102
36104
36106
36108
36110
36112
36114
36116
36118
36120
36122
36124
36126
36128
36130
36132
36134
36136
36138
36140
36142
36144
36146
36148
36150
36152
36154
36156
36158
36160
36162
36164
36166
36168
36170
36172
36174
36176
36178
36180
36182
36184
36186
36188
36190
36192
36194
36196
36198
36200
36202
36204
36206
36208
36210
36212
36214
36216
36218
36220
36222
36224
36226
36228
36230
36232
36234
36236
36238
36240
36242
36246
36248
36250
36252
36254
36256
36260
36262
36266
36268
36270
36272
36274
36276
36278
36280
36284
36286
36288
36290
36292
36294
36298
36302
36304
36306
36308
36310
36312
36314
36316
36318
36320
36322
36326
36328
36330
36332
36334
36336
36338
36340
36342
36344
36346
36348
36350
36352
36354
36356
36358
36360
36362
36364
36366
36368
36372
36374
36376
36378
36380
36382
36386
36388
36392
36394
36396
36398
36402
36404
36408
36410
36412
36414
36418
36420
36424
36426
36428
36430
36434
36436
36440
36442
36444
36446
36450
36452
36456
36460
36462
36464
36466
36470
36472
36476
36480
36482
36484
36486
36490
36492
36496
36500
36502
36504
36506
36510
36512
36516
36520
36522
36524
36526
36530
36532
36534
36536
36538
36540
36542
36544
36546
36548
36550
36552
36554
36556
36558
36560
36562
36564
36566
36568
36570
36572
36574
36576
36578
36580
36582
36584
36586
36588
36590
36592
36594
36596
36598
36600
36602
36604
36606
36608
36610
36612
36614
36616
36618
36620
36622
36624
36626
36628
36630
36632
36634
36636
36638
36640
36642
36644
36646
36648
36650
36652
36654
36656
36658
36660
36662
36664
36666
36668
36670
36672
36674
36676
36678
35916
35918
35920
35922
35924
35926
35928
35930
35932
35934
35936
35938
35940
35942
35944
35946
35948
35950
35952
35954
35956
35958
35960
35962
35964
35966
35968
35970
35972
35974
35976
35978
35980
35982
35984
35986
35988
35990
35992
35994
35996
35998
36000
36002
36004
36006
36008
36010
36012
36014
36016
36018
36020
36022
36024
36026
36028
36030
36032
36034
36036
36038
36040
36042
36044
36046
36048
36050
36052
36054
36056
36058
36060
36062
36064
36066
36068
36070
36072
36074
36076
36078
36080
36082
36084
36086
36088
36090
36092
36094
36096
36098
36100
36102
36104
36106
36108
36110
36112
36114
36116
36118
36120
36122
36124
36126
36128
36130
36132
36134
36136
36138
36140
36142
36144
36146
36148
36150
36152
36154
36156
36158
36160
36162
36164
36166
36168
36170
36172
36174
36176
36178
36180
36182
36184
36186
36188
36190
36192
36194
36196
36198
36200
36202
36204
36206
36208
36210
36212
36214
36216
36218
36220
36222
36224
36226
36228
36230
36232
36234
36236
36238
36240
36242
36246
36248
36250
36252
36254
36256
36260
36262
36266
36268
36270
36272
36274
36276
36278
36280
36284
36286
36288
36290
36292
36294
36298
36302
36304
36306
36308
36310
36312
36314
36316
36318
36320
36322
36326
36328
36330
36332
36334
36336
36338
36340
36342
36344
36346
36348
36350
36352
36354
36356
36358
36360
36362
36364
36366
36368
36372
36374
36376
36378
36380
36382
36386
36388
36392
36394
36396
36398
36402
36404
36408
36410
36412
36414
36418
36420
36424
36426
36428
36430
36434
36436
36440
36442
36444
36446
36450
36452
36456
36460
36462
36464
36466
36470
36472
36476
36480
36482
36484
36486
36490
36492
36496
36500
36502
36504
36506
36510
36512
36516
36520
36522
36524
36526
36530
36532
36534
36536
36538
36540
36542
36544
36546
36548
36550
36552
36554
36556
36558
36560
36562
36564
36566
36568
36570
36572
36574
36576
36578
36580
36582
36584
36586
36588
36590
36592
36594
36596
36598
36600
36602
36604
36606
36608
36610
36612
36614
36616
36618
36620
36622
36624
36626
36628
36630
36632
36634
36636
36638
36640
36642
36644
36646
36648
36650
36652
36654
36656
36658
36660
36662
36664
36666
36668
36670
36672
36674
36676
36678
36682
36684
36686
36690
36710
36714
36718
36720
36722
36724
