35800
35802
35804
35806
35808
35810
35812
35814
35884
35886
35888
35890
35816
35818
35822
35826
35830
35834
35836
35840
35844
35848
35852
35744
35746
35748
35750
35754
35758
35762
35766
35770
35380
35382
35384
35386
35390
35392
35394
35412
35416
35420
35424
35428
35430
35448
35452
35456
35460
35464
35466
35470
35474
35478
35482
35486
35490
35494
35498
35502
35506
35508
35512
35516
35520
35522
35526
35530
35534
35538
35542
35546
35550
35554
35558
35562
35566
35570
35572
35574
35576
35672
35676
35272
35274
35276
35278
35282
35286
35290
35294
35306
35310
35314
35318
35322
35326
35330
35332
35334
35338
35680
35684
35688
35692
35696
35578
35582
35586
35590
35594
35598
35602
35604
35608
35612
35616
35618
35622
35626
35630
35634
35638
35642
35646
35650
35654
35658
35662
35666
35668
35670
35672
35676
35272
35274
35276
35278
35282
35286
35290
35294
35296
35300
35304
35318
35322
35326
35330
35332
35334
35338
35680
35684
35688
35692
35696
35578
35582
35586
35590
35594
35598
35602
35604
35608
35612
35616
35618
35622
35626
35630
35634
35638
35642
35646
35650
35654
35658
35662
35666
35668
35670
35672
35676
35272
35274
35276
35278
35282
35286
35290
35294
35306
35310
35314
35318
35322
35326
35330
35332
35334
35338
35680
35684
35688
35692
35696
35578
35582
35586
35590
35594
35598
35602
35604
35608
35612
35616
35618
35622
35626
35630
35634
35638
35642
35646
35650
35654
35658
35662
35666
35668
35670
35672
35676
35272
35274
35276
35278
35282
35286
35290
35294
35296
35300
35304
35318
35322
35326
35330
35332
35334
35338
35680
35684
35688
35692
35696
35578
35582
35586
35590
35594
35598
35602
35604
35608
35612
35616
35618
35622
35626
35630
35634
35638
35642
35646
35650
35654
35658
35662
35666
35668
35670
35672
35676
35272
35274
35276
35278
35282
35286
35290
35294
35306
35310
35314
35318
35322
35326
35330
35332
35334
35338
35680
35684
35688
35692
35696
35698
35702
35706
35710
35712
35714
35774
35778
35782
35784
35786
35856
35860
35864
35868
35870
35872
35874
35878
35880
35882
35884
35886
35888
35890
35816
35818
35822
35826
35830
35834
35836
35840
35844
35848
35852
35744
35746
35748
35750
35754
35758
35762
35766
35770
35380
35382
35384
35386
35390
35392
35394
35412
35416
35420
35424
35428
35430
35448
35452
35456
35460
35464
35466
35470
35474
35478
35482
35486
35490
35494
35498
35502
35506
35508
35512
35516
35520
35522
35526
35530
35534
35538
35542
35546
35550
35554
35558
35562
35566
35570
35572
35574
35576
35672
35676
35272
35274
35276
35278
35282
35286
35290
35294
35306
35310
35314
35318
35322
35326
35330
35332
35334
35338
35680
35684
35688
35692
35696
35578
35582
35586
35590
35594
35598
35602
35604
35608
35612
35616
35618
35622
35626
35630
35634
35638
35642
35646
35650
35654
35658
35662
35666
35668
35670
35672
35676
35272
35274
35276
35278
35282
35286
35290
35294
35296
35300
35304
35318
35322
35326
35330
35332
35334
35338
35680
35684
35688
35692
35696
35578
35582
35586
35590
35594
35598
35602
35604
35608
35612
35616
35618
35622
35626
35630
35634
35638
35642
35646
35650
35654
35658
35662
35666
35668
35670
35672
35676
35272
35274
35276
35278
35282
35286
35290
35294
35306
35310
35314
35318
35322
35326
35330
35332
35334
35338
35680
35684
35688
35692
35696
35578
35582
35586
35590
35594
35598
35602
35604
35608
35612
35616
35618
35622
35626
35630
35634
35638
35642
35646
35650
35654
35658
35662
35666
35668
35670
35672
35676
35272
35274
35276
35278
35282
35286
35290
35294
35296
35300
35304
35318
35322
35326
35330
35332
35334
35338
35680
35684
35688
35692
35696
35698
35702
35706
35710
35712
35714
35774
35778
35782
35784
35786
35856
35860
35864
35868
35870
35872
35874
35878
35880
35882
35884
35886
35888
35890
35816
35818
35822
35826
35830
35834
35836
35840
35844
35848
35852
35744
35746
35748
35750
35754
35758
35762
35766
35770
35380
35382
35384
35386
35390
35392
35394
35412
35416
35420
35424
35428
35430
35448
35452
35456
35460
35464
35466
35470
35474
35478
35482
35486
35490
35494
35498
35502
35506
35508
35512
35516
35520
35522
35526
35530
35534
35538
35542
35546
35550
35554
35558
35562
35566
35570
35572
35574
35576
35672
35676
35272
35274
35276
35278
35282
35286
35290
35294
35296
35300
35304
35318
35322
35326
35330
35332
35334
35338
35680
35684
35688
35692
35696
35698
35702
35706
35710
35712
35714
35774
35778
35782
35784
35786
35856
35860
35864
35868
35870
35872
35874
35878
35880
35882
35884
35886
35888
35890
35816
35818
35822
35826
35830
35834
35836
35840
35844
35848
35852
35744
35746
35748
35750
35754
35758
35762
35766
35770
35380
35382
35384
35386
35390
35392
35394
35412
35416
35420
35424
35428
35430
35448
35452
35456
35460
35464
35466
35470
35474
35478
35482
35486
35490
35494
35498
35502
35506
35508
35512
35516
35520
35522
35526
35530
35534
35538
35542
35546
35550
35554
35558
35562
35566
35570
35572
35574
35576
35672
35676
35272
35274
35276
35278
35282
35286
35290
35294
35296
35300
35304
35318
35322
35326
35330
35332
35334
35338
35680
35684
35688
35692
35696
35578
35582
35586
35590
35594
35598
35602
35604
35608
35612
35616
35618
35622
35626
35630
35634
35638
35642
35646
35650
35654
35658
35662
35666
35668
35670
35672
35676
35272
35274
35276
35278
35282
35286
35290
35294
35306
35310
35314
35318
35322
35326
35330
35332
35334
35338
35680
35684
35688
35692
35696
35578
35582
35586
35590
35594
35598
35602
35604
35608
35612
35616
35618
35622
35626
35630
35634
35638
35642
35646
35650
35654
35658
35662
35666
35668
35670
35672
35676
35272
35274
35276
35278
35282
35286
35290
35294
35296
35300
35304
35318
35322
35326
35330
35332
35334
35338
35680
35684
35688
35692
35696
35578
35582
35586
35590
35594
35598
35602
35604
35608
35612
35616
35618
35622
35626
35630
35634
35638
35642
35646
35650
35654
35658
35662
35666
35668
35670
35672
35676
35272
35274
35276
35278
35282
35286
35290
35294
35306
35310
35314
35318
35322
35326
35330
35332
35334
35338
35680
35684
35688
35692
35696
35698
35702
35706
35710
35712
35714
35774
35778
35782
35784
35786
35856
35860
35864
35868
35870
35872
35874
35878
35880
35882
35884
35886
35888
35890
35816
35818
35822
35826
35830
35834
35836
35840
35844
35848
35852
35744
35746
35748
35750
35754
35758
35762
35766
35770
35380
35382
35384
35386
35390
35392
35394
35412
35416
35420
35424
35428
35430
35448
35452
35456
35460
35464
35466
35470
35474
35478
35482
35486
35490
35494
35498
35502
35506
35508
35512
35516
35520
35522
35526
35530
35534
35538
35542
35546
35550
35554
35558
35562
35566
35570
35572
35574
35576
35672
35676
35272
35274
35276
35278
35282
35286
35290
35294
35296
35300
35304
35318
35322
35326
35330
35332
35334
35338
35680
35684
35688
35692
35696
35578
35582
35586
35590
35594
35598
35602
35604
35608
35612
35616
35618
35622
35626
35630
35634
35638
35642
35646
35650
35654
35658
35662
35666
35668
35670
35672
35676
35272
35274
35276
35278
35282
35286
35290
35294
35306
35310
35314
35318
35322
35326
35330
35332
35334
35338
35680
35684
35688
35692
35696
35578
35582
35586
35590
35594
35598
35602
35604
35608
35612
35616
35618
35622
35626
35630
35634
35638
35642
35646
35650
35654
35658
35662
35666
35668
35670
35672
35676
35272
35274
35276
35278
35282
35286
35290
35294
35296
35300
35304
35318
35322
35326
35330
35332
35334
35338
35680
35684
35688
35692
35696
35578
35582
35586
35590
35594
35598
35602
35604
35608
35612
35616
35618
35622
35626
35630
35634
35638
35642
35646
35650
35654
35658
35662
35666
35668
35670
35672
35676
35272
35274
35276
35278
35282
35286
35290
35294
35306
35310
35314
35318
35322
35326
35330
35332
35334
35338
35680
35684
35688
35692
35696
35578
35582
35586
35590
35594
35598
35602
35604
35608
35612
35616
35618
35622
35626
35630
35634
35638
35642
35646
35650
35654
35658
35662
35666
35668
35670
35672
35676
35272
35274
35276
35278
35282
35286
35290
35294
35296
35300
35304
35318
35322
35326
35330
35332
35334
35338
35680
35684
35688
35692
35696
35698
35702
35706
35710
35712
35714
35774
35778
35782
35784
35786
35856
35860
35864
35868
35870
35872
35874
35878
35880
35882
35884
35886
35888
35890
35816
35818
35822
35826
35830
35834
35836
35840
35844
35848
35852
35744
35746
35748
35750
35754
35758
35762
35766
35770
35380
35382
35384
35386
35390
35392
35394
35412
35416
35420
35424
35428
35430
35448
35452
35456
35460
35464
35466
35470
35474
35478
35482
35486
35490
35494
35498
35502
35506
35508
35512
35516
35520
35522
35526
35530
35534
35538
35542
35546
35550
35554
35558
35562
35566
35570
35572
35574
35576
35672
35676
35272
35274
35276
35278
35282
35286
35290
35294
35296
35300
35304
35318
35322
35326
35330
35332
35334
35338
35680
35684
35688
35692
35696
35578
35582
35586
35590
35594
35598
35602
35604
35608
35612
35616
35618
35622
35626
35630
35634
35638
35642
35646
35650
35654
35658
35662
35666
35668
35670
35672
35676
35272
35274
35276
35278
35282
35286
35290
35294
35306
35310
35314
35318
35322
35326
35330
35332
35334
35338
35680
35684
35688
35692
35696
35578
35582
35586
35590
35594
35598
35602
35604
35608
35612
35616
35618
35622
35626
35630
35634
35638
35642
35646
35650
35654
35658
35662
35666
35668
35670
35672
35676
35272
35274
35276
35278
35282
35286
35290
35294
35296
35300
35304
35318
35322
35326
35330
35332
35334
35338
35680
35684
35688
35692
35696
35578
35582
35586
35590
35594
35598
35602
35604
35608
35612
35616
35618
35622
35626
35630
35634
35638
35642
35646
35650
35654
35658
35662
35666
35668
35670
35672
35676
35272
35274
35276
35278
35282
35286
35290
35294
35306
35310
35314
35318
35322
35326
35330
35332
35334
35338
35680
35684
35688
35692
35696
35578
35582
35586
35590
35594
35598
35602
35604
35608
35612
35616
35618
35622
35626
35630
35634
35638
35642
35646
35650
35654
35658
35662
35666
35668
35670
35672
35676
35272
35274
35276
35278
35282
35286
35290
35294
35296
35300
35304
35318
35322
35326
35330
35332
35334
35338
35680
35684
35688
35692
35696
35578
35582
35586
35590
35594
35598
35602
35604
35608
35612
35616
35618
35622
35626
35630
35634
35638
35642
35646
35650
35654
35658
35662
35666
35668
35670
35672
35676
35272
35274
35276
35278
35282
35286
35290
35294
35306
35310
35314
35318
35322
35326
35330
35332
35334
35338
35680
35684
35688
35692
35696
35578
35582
35586
35590
35594
35598
35602
35604
35608
35612
35616
35618
35622
35626
35630
35634
35638
35642
35646
35650
35654
35658
35662
35666
35668
35670
35672
35676
35272
35274
35276
35278
35282
35286
35290
35294
35296
35300
35304
35318
35322
35326
35330
35332
35334
35338
35680
35684
35688
35692
35696
35698
35702
35706
35710
35712
35714
35774
35778
35782
35784
35786
35856
35860
35864
35868
35870
35872
35874
35878
35880
35882
35884
35886
35888
35890
35816
35818
35822
35826
35830
35834
35836
35840
35844
35848
35852
35744
35746
35748
35750
35754
35758
35762
35766
35770
35380
35382
35384
35386
35390
35392
35394
35412
35416
35420
35424
35428
35430
35448
35452
35456
35460
35464
35466
35470
35474
35478
35482
35486
35490
35494
35498
35502
35506
35508
35512
35516
35520
35522
35526
35530
35534
35538
35542
35546
35550
35554
35558
35562
35566
35570
35572
35574
35576
35672
35676
35272
35274
35276
35278
35282
35286
35290
35294
35296
35300
35304
35318
35322
35326
35330
35332
35334
35338
35680
35684
35688
35692
35696
35578
35582
35586
35590
35594
35598
35602
35604
35608
35612
35616
35618
35622
35626
35630
35634
35638
35642
35646
35650
35654
35658
35662
35666
35668
35670
35672
35676
35272
35274
35276
35278
35282
35286
35290
35294
35306
35310
35314
35318
35322
35326
35330
35332
35334
35338
35680
35684
35688
35692
35696
35578
35582
35586
35590
35594
35598
35602
35604
35608
35612
35616
35618
35622
35626
35630
35634
35638
35642
35646
35650
35654
35658
35662
35666
35668
35670
35672
35676
35272
35274
35276
35278
35282
35286
35290
35294
35296
35300
35304
35318
35322
35326
35330
35332
35334
35338
35680
35684
35688
35692
35696
35578
35582
35586
35590
35594
35598
35602
35604
35608
35612
35616
35618
35622
35626
35630
35634
35638
35642
35646
35650
35654
35658
35662
35666
35668
35670
35672
35676
35272
35274
35276
35278
35282
35286
35290
35294
35306
35310
35314
35318
35322
35326
35330
35332
35334
35338
35680
35684
35688
35692
35696
35578
35582
35586
35590
35594
35598
35602
35604
35608
35612
35616
35618
35622
35626
35630
35634
35638
35642
35646
35650
35654
35658
35662
35666
35668
35670
35672
35676
35272
35274
35276
35278
35282
35286
35290
35294
35296
35300
35304
35318
35322
35326
35330
35332
35334
35338
35680
35684
35688
35692
35696
35578
35582
35586
35590
35594
35598
35602
35604
35608
35612
35616
35618
35622
35626
35630
35634
35638
35642
35646
35650
35654
35658
35662
35666
35668
35670
35672
35676
35272
35274
35276
35278
35282
35286
35290
35294
35306
35310
35314
35318
35322
35326
35330
35332
35334
35338
35680
35684
35688
35692
35696
35578
35582
35586
35590
35594
35598
35602
35604
35608
35612
35616
35618
35622
35626
35630
35634
35638
35642
35646
35650
35654
35658
35662
35666
35668
35670
35672
35676
35272
35274
35276
35278
35282
35286
35290
35294
35296
35300
35304
35318
35322
35326
35330
35332
35334
35338
35680
35684
35688
35692
35696
35578
35582
35586
35590
35594
35598
35602
35604
35608
35612
35616
35618
35622
35626
35630
35634
35638
35642
35646
35650
35654
35658
35662
35666
35668
35670
35672
35676
35272
35274
35276
35278
35282
35286
35290
35294
35306
35310
35314
35318
35322
35326
35330
35332
35334
35338
35680
35684
35688
35692
35696
35698
35702
35706
35710
35712
35714
35774
35778
35782
35784
35786
35856
35860
35864
35868
35870
35872
35874
35878
35880
35882
35884
35886
35888
35890
35816
35818
35822
35826
35830
35834
35836
35840
35844
35848
35852
35744
35746
35748
35750
35754
35758
35762
35766
35770
35380
35382
35384
35386
35390
35392
35394
35412
35416
35420
35424
35428
35430
35448
35452
35456
35460
35464
35466
35470
35474
35478
35482
35486
35490
35494
35498
35502
35506
35508
35512
35516
35520
35522
35526
35530
35534
35538
35542
35546
35550
35554
35558
35562
35566
35570
35572
35574
35576
35672
35676
35272
35274
35276
35278
35282
35286
35290
35294
35296
35300
35304
35318
35322
35326
35330
35332
35334
35338
35680
35684
35688
35692
35696
35578
35582
35586
35590
35594
35598
35602
35604
35608
35612
35616
35618
35622
35626
35630
35634
35638
35642
35646
35650
35654
35658
35662
35666
35668
35670
35672
35676
35272
35274
35276
35278
35282
35286
35290
35294
35306
35310
35314
35318
35322
35326
35330
35332
35334
35338
35680
35684
35688
35692
35696
35578
35582
35586
35590
35594
35598
35602
35604
35608
35612
35616
35618
35622
35626
35630
35634
35638
35642
35646
35650
35654
35658
35662
35666
35668
35670
35672
35676
35272
35274
35276
35278
35282
35286
35290
35294
35296
35300
35304
35318
35322
35326
35330
35332
35334
35338
35680
35684
35688
35692
35696
35578
35582
35586
35590
35594
35598
35602
35604
35608
35612
35616
35618
35622
35626
35630
35634
35638
35642
35646
35650
35654
35658
35662
35666
35668
35670
35672
35676
35272
35274
35276
35278
35282
35286
35290
35294
35306
35310
35314
35318
35322
35326
35330
35332
35334
35338
35680
35684
35688
35692
35696
35578
35582
35586
35590
35594
35598
35602
35604
35608
35612
35616
35618
35622
35626
35630
35634
35638
35642
35646
35650
35654
35658
35662
35666
35668
35670
35672
35676
35272
35274
35276
35278
35282
35286
35290
35294
35296
35300
35304
35318
35322
35326
35330
35332
35334
35338
35680
35684
35688
35692
35696
35578
35582
35586
35590
35594
35598
35602
35604
35608
35612
35616
35618
35622
35626
35630
35634
35638
35642
35646
35650
35654
35658
35662
35666
35668
35670
35672
35676
35272
35274
35276
35278
35282
35286
35290
35294
35306
35310
35314
35318
35322
35326
35330
35332
35334
35338
35680
35684
35688
35692
35696
35578
35582
35586
35590
35594
35598
35602
35604
35608
35612
35616
35618
35622
35626
35630
35634
35638
35642
35646
35650
35654
35658
35662
35666
35668
35670
35672
35676
35272
35274
35276
35278
35282
35286
35290
35294
35296
35300
35304
35318
35322
35326
35330
35332
35334
35338
35680
35684
35688
35692
35696
35578
35582
35586
35590
35594
35598
35602
35604
35608
35612
35616
35618
35622
35626
35630
35634
35638
35642
35646
35650
35654
35658
35662
35666
35668
35670
35672
35676
35272
35274
35276
35278
35282
35286
35290
35294
35306
35310
35314
35318
35322
35326
35330
35332
35334
35338
35680
35684
35688
35692
35696
35578
35582
35586
35590
35594
35598
35602
35604
35608
35612
35616
35618
35622
35626
35630
35634
35638
35642
35646
35650
35654
35658
35662
35666
35668
35670
35672
35676
35272
35274
35276
35278
35282
35286
35290
35294
35296
35300
35304
35318
35322
35326
35330
35332
35334
35338
35680
35684
35688
35692
35696
35698
35702
35706
35710
35712
35714
35774
35778
35782
35784
35786
35856
35860
35864
35868
35870
35872
35874
35878
35880
35882
35884
35886
35888
35890
35892
35894
35896
35898
35900
35936
35942
35944
35946
35948
35950
35952
35954
35962
35964
35968
35972
35976
35340
35342
35344
35346
35350
35354
35358
35362
35366
35370
35372
35374
35378
35980
35984
35988
35340
35342
35344
35346
35350
35354
35358
35362
35366
35370
35372
35374
35378
35992
35996
36000
36004
36008
36010
36012
36014
36016
36018
36032
36034
36036
36038
36020
36022
36024
36026
36028
36030
36032
36034
36036
36038
36040
36042
36044
36046
36050
36054
36058
35272
35274
35276
35278
35282
35286
35290
35294
35296
35300
35304
35318
35322
35326
35330
35332
35334
35338
36062
36066
36070
36074
36078
36080
36082
37000
37002
37004
37010
35904
35906
35908
35910
35912
35914
35936
35942
35944
35946
35948
35950
35952
35954
35962
35964
35968
35972
35976
35340
35342
35344
35346
35350
35354
35358
35362
35366
35370
35372
35374
35378
35980
35984
35988
35340
35342
35344
35346
35350
35354
35358
35362
35366
35370
35372
35374
35378
35992
35996
36000
36004
36008
36010
36012
36014
36016
36018
36032
36034
36036
36038
36020
36022
36024
36026
36028
36030
36032
36034
36036
36038
36040
36042
36044
36046
36050
36054
36058
35272
35274
35276
35278
35282
35286
35290
35294
35296
35300
35304
35318
35322
35326
35330
35332
35334
35338
36062
36066
36070
36074
36078
36080
36082
37000
37002
37004
37010
35918
35920
35922
35924
