3204447648
3204447652
3204447636
3204447632
3204447632
3204447636
3204447632
35928
3204447636
3204447624
3204447628
3204447616
35792
3204447616
3204447608
3204447612
3204447576
3204447588
3204447576
35720
3204447576
35728
3204447576
3204447600
3204447600
3204447592
3204447576
3204447576
3204447600
3204447588
3204447588
3204447600
3204447592
3204447600
3204447592
3204447588
3204447588
3204447600
3204447572
3204447552
3204447552
3204447552
3204447560
3204447560
3204447572
35736
3204447576
3204447576
3204447600
3204447588
3204447588
3204447600
3204447592
3204447600
3204447592
3204447588
3204447588
3204447600
3204447572
3204447552
3204447552
3204447552
3204447560
3204447560
3204447572
35736
3204447576
3204447576
3204447600
3204447588
3204447588
3204447600
3204447592
3204447600
3204447592
3204447588
3204447588
3204447600
3204447572
3204447552
3204447552
3204447552
3204447560
3204447560
3204447572
35736
3204447576
3204447576
3204447600
3204447588
3204447588
3204447600
3204447592
3204447600
3204447592
3204447588
3204447588
3204447600
3204447572
3204447552
3204447552
3204447552
3204447560
3204447560
3204447572
35736
3204447576
3204447576
3204447600
3204447588
3204447588
3204447600
3204447592
3204447600
3204447592
3204447588
3204447588
3204447600
3204447572
3204447552
3204447552
3204447552
3204447560
3204447560
3204447572
35736
3204447592
3204447608
3204447624
3204447632
453896
3204447632
3204447632
3204447632
3204447636
3204447632
35928
3204447636
3204447624
3204447628
3204447616
35792
3204447616
3204447608
3204447612
3204447576
3204447588
3204447576
35720
3204447576
35728
3204447576
3204447600
3204447600
3204447592
3204447576
3204447576
3204447600
3204447588
3204447588
3204447600
3204447592
3204447600
3204447592
3204447588
3204447588
3204447600
3204447572
3204447552
3204447552
3204447552
3204447560
3204447560
3204447572
35736
3204447576
3204447576
3204447600
3204447588
3204447588
3204447600
3204447592
3204447600
3204447592
3204447588
3204447588
3204447600
3204447572
3204447552
3204447552
3204447552
3204447560
3204447560
3204447572
35736
3204447576
3204447576
3204447600
3204447588
3204447588
3204447600
3204447592
3204447600
3204447592
3204447588
3204447588
3204447600
3204447572
3204447552
3204447552
3204447552
3204447560
3204447560
3204447572
35736
3204447576
3204447576
3204447600
3204447588
3204447588
3204447600
3204447592
3204447600
3204447592
3204447588
3204447588
3204447600
3204447572
3204447552
3204447552
3204447552
3204447560
3204447560
3204447572
35736
3204447592
3204447608
3204447624
3204447632
453904
3204447632
3204447632
3204447632
3204447636
3204447632
35928
3204447636
3204447624
3204447628
3204447616
35792
3204447616
3204447608
3204447612
3204447576
3204447588
3204447576
35720
3204447576
35728
3204447576
3204447600
3204447600
3204447592
3204447576
3204447576
3204447600
3204447588
3204447588
3204447600
3204447592
3204447600
3204447592
3204447588
3204447588
3204447600
3204447572
3204447552
3204447552
3204447552
3204447560
3204447560
3204447572
35736
3204447592
3204447608
3204447624
3204447632
453912
3204447632
3204447632
3204447632
3204447636
3204447632
35928
3204447636
3204447624
3204447628
3204447616
35792
3204447616
3204447608
3204447612
3204447576
3204447588
3204447576
35720
3204447576
35728
3204447576
3204447600
3204447600
3204447592
3204447576
3204447576
3204447600
3204447588
3204447588
3204447600
3204447592
3204447600
3204447592
3204447588
3204447588
3204447600
3204447572
3204447552
3204447552
3204447552
3204447560
3204447560
3204447572
35736
3204447576
3204447576
3204447600
3204447588
3204447588
3204447600
3204447592
3204447600
3204447592
3204447588
3204447588
3204447600
3204447572
3204447552
3204447552
3204447552
3204447560
3204447560
3204447572
35736
3204447576
3204447576
3204447600
3204447588
3204447588
3204447600
3204447592
3204447600
3204447592
3204447588
3204447588
3204447600
3204447572
3204447552
3204447552
3204447552
3204447560
3204447560
3204447572
35736
3204447576
3204447576
3204447600
3204447588
3204447588
3204447600
3204447592
3204447600
3204447592
3204447588
3204447588
3204447600
3204447572
3204447552
3204447552
3204447552
3204447560
3204447560
3204447572
35736
3204447592
3204447608
3204447624
3204447632
453920
3204447632
3204447632
3204447632
3204447636
3204447632
35928
3204447636
3204447624
3204447628
3204447616
35792
3204447616
3204447608
3204447612
3204447576
3204447588
3204447576
35720
3204447576
35728
3204447576
3204447600
3204447600
3204447592
3204447576
3204447576
3204447600
3204447588
3204447588
3204447600
3204447592
3204447600
3204447592
3204447588
3204447588
3204447600
3204447572
3204447552
3204447552
3204447552
3204447560
3204447560
3204447572
35736
3204447576
3204447576
3204447600
3204447588
3204447588
3204447600
3204447592
3204447600
3204447592
3204447588
3204447588
3204447600
3204447572
3204447552
3204447552
3204447552
3204447560
3204447560
3204447572
35736
3204447576
3204447576
3204447600
3204447588
3204447588
3204447600
3204447592
3204447600
3204447592
3204447588
3204447588
3204447600
3204447572
3204447552
3204447552
3204447552
3204447560
3204447560
3204447572
35736
3204447576
3204447576
3204447600
3204447588
3204447588
3204447600
3204447592
3204447600
3204447592
3204447588
3204447588
3204447600
3204447572
3204447552
3204447552
3204447552
3204447560
3204447560
3204447572
35736
3204447576
3204447576
3204447600
3204447588
3204447588
3204447600
3204447592
3204447600
3204447592
3204447588
3204447588
3204447600
3204447572
3204447552
3204447552
3204447552
3204447560
3204447560
3204447572
35736
3204447592
3204447608
3204447624
3204447632
453928
3204447632
3204447632
3204447632
3204447636
3204447632
35928
3204447636
3204447624
3204447628
3204447616
35792
3204447616
3204447608
3204447612
3204447576
3204447588
3204447576
35720
3204447576
35728
3204447576
3204447600
3204447600
3204447592
3204447576
3204447576
3204447600
3204447588
3204447588
3204447600
3204447592
3204447600
3204447592
3204447588
3204447588
3204447600
3204447572
3204447552
3204447552
3204447552
3204447560
3204447560
3204447572
35736
3204447576
3204447576
3204447600
3204447588
3204447588
3204447600
3204447592
3204447600
3204447592
3204447588
3204447588
3204447600
3204447572
3204447552
3204447552
3204447552
3204447560
3204447560
3204447572
35736
3204447576
3204447576
3204447600
3204447588
3204447588
3204447600
3204447592
3204447600
3204447592
3204447588
3204447588
3204447600
3204447572
3204447552
3204447552
3204447552
3204447560
3204447560
3204447572
35736
3204447576
3204447576
3204447600
3204447588
3204447588
3204447600
3204447592
3204447600
3204447592
3204447588
3204447588
3204447600
3204447572
3204447552
3204447552
3204447552
3204447560
3204447560
3204447572
35736
3204447576
3204447576
3204447600
3204447588
3204447588
3204447600
3204447592
3204447600
3204447592
3204447588
3204447588
3204447600
3204447572
3204447552
3204447552
3204447552
3204447560
3204447560
3204447572
35736
3204447576
3204447576
3204447600
3204447588
3204447588
3204447600
3204447592
3204447600
3204447592
3204447588
3204447588
3204447600
3204447572
3204447552
3204447552
3204447552
3204447560
3204447560
3204447572
35736
3204447576
3204447576
3204447600
3204447588
3204447588
3204447600
3204447592
3204447600
3204447592
3204447588
3204447588
3204447600
3204447572
3204447552
3204447552
3204447552
3204447560
3204447560
3204447572
35736
3204447592
3204447608
3204447624
3204447632
453936
3204447632
3204447632
3204447632
3204447636
3204447632
35928
3204447636
3204447624
3204447628
3204447616
35792
3204447616
3204447608
3204447612
3204447576
3204447588
3204447576
35720
3204447576
35728
3204447576
3204447600
3204447600
3204447592
3204447576
3204447576
3204447600
3204447588
3204447588
3204447600
3204447592
3204447600
3204447592
3204447588
3204447588
3204447600
3204447572
3204447552
3204447552
3204447552
3204447560
3204447560
3204447572
35736
3204447576
3204447576
3204447600
3204447588
3204447588
3204447600
3204447592
3204447600
3204447592
3204447588
3204447588
3204447600
3204447572
3204447552
3204447552
3204447552
3204447560
3204447560
3204447572
35736
3204447576
3204447576
3204447600
3204447588
3204447588
3204447600
3204447592
3204447600
3204447592
3204447588
3204447588
3204447600
3204447572
3204447552
3204447552
3204447552
3204447560
3204447560
3204447572
35736
3204447576
3204447576
3204447600
3204447588
3204447588
3204447600
3204447592
3204447600
3204447592
3204447588
3204447588
3204447600
3204447572
3204447552
3204447552
3204447552
3204447560
3204447560
3204447572
35736
3204447576
3204447576
3204447600
3204447588
3204447588
3204447600
3204447592
3204447600
3204447592
3204447588
3204447588
3204447600
3204447572
3204447552
3204447552
3204447552
3204447560
3204447560
3204447572
35736
3204447576
3204447576
3204447600
3204447588
3204447588
3204447600
3204447592
3204447600
3204447592
3204447588
3204447588
3204447600
3204447572
3204447552
3204447552
3204447552
3204447560
3204447560
3204447572
35736
3204447576
3204447576
3204447600
3204447588
3204447588
3204447600
3204447592
3204447600
3204447592
3204447588
3204447588
3204447600
3204447572
3204447552
3204447552
3204447552
3204447560
3204447560
3204447572
35736
3204447576
3204447576
3204447600
3204447588
3204447588
3204447600
3204447592
3204447600
3204447592
3204447588
3204447588
3204447600
3204447572
3204447552
3204447552
3204447552
3204447560
3204447560
3204447572
35736
3204447592
3204447608
3204447624
3204447632
453944
3204447632
3204447632
3204447632
3204447636
3204447632
35928
3204447636
3204447624
3204447628
3204447616
35792
3204447616
3204447608
3204447612
3204447576
3204447588
3204447576
35720
3204447576
35728
3204447576
3204447600
3204447600
3204447592
3204447576
3204447576
3204447600
3204447588
3204447588
3204447600
3204447592
3204447600
3204447592
3204447588
3204447588
3204447600
3204447572
3204447552
3204447552
3204447552
3204447560
3204447560
3204447572
35736
3204447576
3204447576
3204447600
3204447588
3204447588
3204447600
3204447592
3204447600
3204447592
3204447588
3204447588
3204447600
3204447572
3204447552
3204447552
3204447552
3204447560
3204447560
3204447572
35736
3204447576
3204447576
3204447600
3204447588
3204447588
3204447600
3204447592
3204447600
3204447592
3204447588
3204447588
3204447600
3204447572
3204447552
3204447552
3204447552
3204447560
3204447560
3204447572
35736
3204447576
3204447576
3204447600
3204447588
3204447588
3204447600
3204447592
3204447600
3204447592
3204447588
3204447588
3204447600
3204447572
3204447552
3204447552
3204447552
3204447560
3204447560
3204447572
35736
3204447576
3204447576
3204447600
3204447588
3204447588
3204447600
3204447592
3204447600
3204447592
3204447588
3204447588
3204447600
3204447572
3204447552
3204447552
3204447552
3204447560
3204447560
3204447572
35736
3204447576
3204447576
3204447600
3204447588
3204447588
3204447600
3204447592
3204447600
3204447592
3204447588
3204447588
3204447600
3204447572
3204447552
3204447552
3204447552
3204447560
3204447560
3204447572
35736
3204447576
3204447576
3204447600
3204447588
3204447588
3204447600
3204447592
3204447600
3204447592
3204447588
3204447588
3204447600
3204447572
3204447552
3204447552
3204447552
3204447560
3204447560
3204447572
35736
3204447576
3204447576
3204447600
3204447588
3204447588
3204447600
3204447592
3204447600
3204447592
3204447588
3204447588
3204447600
3204447572
3204447552
3204447552
3204447552
3204447560
3204447560
3204447572
35736
3204447576
3204447576
3204447600
3204447588
3204447588
3204447600
3204447592
3204447600
3204447592
3204447588
3204447588
3204447600
3204447572
3204447552
3204447552
3204447552
3204447560
3204447560
3204447572
35736
3204447592
3204447608
3204447624
3204447632
453952
3204447632
3204447632
3204447632
3204447636
3204447640
3204447636
3204447640
3204447624
3204447628
3204447616
3204447620
3204447484
3204447480
3204447484
3204447484
3204447476
3204447464
3204447476
3204447476
3204447464
3204447476
3204447512
3204447496
3204447492
3204447492
3204447512
3204447496
3204447496
3204447492
3204447492
3204447492
3204447512
3204447484
3204447496
3204447476
3204447456
3204447456
3204447456
3204447464
3204447464
3204447476
36800
3204447616
3204447620
3204447624
3204447644
3204447640
3204447636
3204447640
3204447624
3204447628
3204447616
3204447620
3204447484
3204447480
3204447484
3204447484
3204447476
3204447464
3204447476
3204447476
3204447464
3204447476
3204447512
3204447496
3204447492
3204447492
3204447512
3204447496
3204447496
3204447492
3204447492
3204447492
3204447512
3204447484
3204447496
3204447476
3204447456
3204447456
3204447456
3204447464
3204447464
3204447476
36800
3204447616
3204447620
3204447624
3204447644
3204447648
