35344
35346
35348
35350
35352
35354
35356
35272
35274
35276
35278
35280
35282
35284
35286
35288
35290
35292
35316
35318
35320
35322
35294
35296
35298
35300
35302
35304
35306
35308
35310
35312
35314
35316
35318
35320
35322
35294
35296
35298
35300
35302
35304
35306
35308
35310
35312
35314
35316
35318
35320
35322
35294
35296
35298
35300
35302
35304
35306
35308
35310
35312
35314
35316
35318
35320
35322
35294
35296
35298
35300
35302
35304
35306
35308
35310
35312
35314
35316
35318
35320
35322
35294
35296
35298
35300
35302
35304
35306
35308
35310
35312
35314
35316
35318
35320
35322
35294
35296
35298
35300
35302
35304
35306
35308
35310
35312
35314
35316
35318
35320
35322
35294
35296
35298
35300
35302
35304
35306
35308
35310
35312
35314
35316
35318
35320
35322
35294
35296
35298
35300
35302
35304
35306
35308
35310
35312
35314
35316
35318
35320
35322
35294
35296
35298
35300
35302
35304
35306
35308
35310
35312
35314
35316
35318
35320
35322
35294
35296
35298
35300
35302
35304
35306
35308
35310
35312
35314
35316
35318
35320
35322
35294
35296
35298
35300
35302
35304
35306
35308
35310
35312
35314
35316
35318
35320
35322
35294
35296
35298
35300
35302
35304
35306
35308
35310
35312
35314
35316
35318
35320
35322
35294
35296
35298
35300
35302
35304
35306
35308
35310
35312
35314
35316
35318
35320
35322
35294
35296
35298
35300
35302
35304
35306
35308
35310
35312
35314
35316
35318
35320
35322
35294
35296
35298
35300
35302
35304
35306
35308
35310
35312
35314
35316
35318
35320
35322
35294
35296
35298
35300
35302
35304
35306
35308
35310
35312
35314
35316
35318
35320
35322
35294
35296
35298
35300
35302
35304
35306
35308
35310
35312
35314
35316
35318
35320
35322
35294
35296
35298
35300
35302
35304
35306
35308
35310
35312
35314
35316
35318
35320
35322
35294
35296
35298
35300
35302
35304
35306
35308
35310
35312
35314
35316
35318
35320
35322
35294
35296
35298
35300
35302
35304
35306
35308
35310
35312
35314
35316
35318
35320
35322
35294
35296
35298
35300
35302
35304
35306
35308
35310
35312
35314
35316
35318
35320
35322
35294
35296
35298
35300
35302
35304
35306
35308
35310
35312
35314
35316
35318
35320
35322
35294
35296
35298
35300
35302
35304
35306
35308
35310
35312
35314
35316
35318
35320
35322
35294
35296
35298
35300
35302
35304
35306
35308
35310
35312
35314
35316
35318
35320
35322
35294
35296
35298
35300
35302
35304
35306
35308
35310
35312
35314
35316
35318
35320
35322
35294
35296
35298
35300
35302
35304
35306
35308
35310
35312
35314
35316
35318
35320
35322
35294
35296
35298
35300
35302
35304
35306
35308
35310
35312
35314
35316
35318
35320
35322
35294
35296
35298
35300
35302
35304
35306
35308
35310
35312
35314
35316
35318
35320
35322
35294
35296
35298
35300
35302
35304
35306
35308
35310
35312
35314
35316
35318
35320
35322
35324
35326
35328
35330
35332
35334
35336
35340
35360
35362
35364
35366
35368
