35272
35274
35276
35278
35282
35286
35288
35290
35294
35298
35300
35302
35306
35310
35312
35314
35318
35322
35324
35326
35330
35334
35336
35338
35342
35346
35348
35350
35354
35358
35360
35362
35366
35370
35372
35374
35378
35382
35384
35386
35390
35394
35396
35398
35402
35406
35408
35410
35412
35414
35532
35534
35536
35416
35418
35420
35492
35496
35500
35502
35506
35508
35510
35514
35518
35522
35524
35422
35426
35430
35432
35436
35438
35440
35442
35446
35450
35454
35458
35462
35464
35468
35470
35472
35474
35478
35482
35486
35488
35490
35492
35496
35500
35502
35506
35508
35510
35514
35518
35522
35524
35526
35528
35530
35532
35534
35536
35416
35418
35420
35492
35496
35500
35502
35506
35508
35510
35514
35518
35522
35524
35422
35426
35430
35432
35436
35438
35440
35442
35446
35450
35454
35458
35462
35464
35468
35470
35472
35474
35478
35482
35486
35488
35490
35492
35496
35500
35502
35506
35508
35510
35514
35518
35522
35524
35422
35426
35430
35432
35436
35438
35440
35442
35446
35450
35454
35458
35462
35464
35468
35470
35472
35474
35478
35482
35486
35488
35490
35492
35496
35500
35502
35506
35508
35510
35514
35518
35522
35524
35526
35528
35530
35532
35534
35536
35416
35418
35420
35492
35496
35500
35502
35506
35508
35510
35514
35518
35522
35524
35422
35426
35430
35432
35436
35438
35440
35442
35446
35450
35454
35458
35462
35464
35468
35470
35472
35474
35478
35482
35486
35488
35490
35492
35496
35500
35502
35506
35508
35510
35514
35518
35522
35524
35422
35426
35430
35432
35436
35438
35440
35442
35446
35450
35454
35458
35462
35464
35468
35470
35472
35474
35478
35482
35486
35488
35490
35492
35496
35500
35502
35506
35508
35510
35514
35518
35522
35524
35422
35426
35430
35432
35436
35438
35440
35442
35446
35450
35454
35458
35462
35464
35468
35470
35472
35474
35478
35482
35486
35488
35490
35492
35496
35500
35502
35506
35508
35510
35514
35518
35522
35524
35526
35528
35530
35532
35534
35536
35416
35418
35420
35492
35496
35500
35502
35506
35508
35510
35514
35518
35522
35524
35422
35426
35430
35432
35436
35438
35440
35442
35446
35450
35454
35458
35462
35464
35468
35470
35472
35474
35478
35482
35486
35488
35490
35492
35496
35500
35502
35506
35508
35510
35514
35518
35522
35524
35422
35426
35430
35432
35436
35438
35440
35442
35446
35450
35454
35458
35462
35464
35468
35470
35472
35474
35478
35482
35486
35488
35490
35492
35496
35500
35502
35506
35508
35510
35514
35518
35522
35524
35422
35426
35430
35432
35436
35438
35440
35442
35446
35450
35454
35458
35462
35464
35468
35470
35472
35474
35478
35482
35486
35488
35490
35492
35496
35500
35502
35506
35508
35510
35514
35518
35522
35524
35422
35426
35430
35432
35436
35438
35440
35442
35446
35450
35454
35458
35462
35464
35468
35470
35472
35474
35478
35482
35486
35488
35490
35492
35496
35500
35502
35506
35508
35510
35514
35518
35522
35524
35526
35528
35530
35532
35534
35536
35416
35418
35420
35492
35496
35500
35502
35506
35508
35510
35514
35518
35522
35524
35422
35426
35430
35432
35436
35438
35440
35442
35446
35450
35454
35458
35462
35464
35468
35470
35472
35474
35478
35482
35486
35488
35490
35492
35496
35500
35502
35506
35508
35510
35514
35518
35522
35524
35422
35426
35430
35432
35436
35438
35440
35442
35446
35450
35454
35458
35462
35464
35468
35470
35472
35474
35478
35482
35486
35488
35490
35492
35496
35500
35502
35506
35508
35510
35514
35518
35522
35524
35422
35426
35430
35432
35436
35438
35440
35442
35446
35450
35454
35458
35462
35464
35468
35470
35472
35474
35478
35482
35486
35488
35490
35492
35496
35500
35502
35506
35508
35510
35514
35518
35522
35524
35422
35426
35430
35432
35436
35438
35440
35442
35446
35450
35454
35458
35462
35464
35468
35470
35472
35474
35478
35482
35486
35488
35490
35492
35496
35500
35502
35506
35508
35510
35514
35518
35522
35524
35422
35426
35430
35432
35436
35438
35440
35442
35446
35450
35454
35458
35462
35464
35468
35470
35472
35474
35478
35482
35486
35488
35490
35492
35496
35500
35502
35506
35508
35510
35514
35518
35522
35524
35526
35528
35530
35532
35534
35536
35416
35418
35420
35492
35496
35500
35502
35506
35508
35510
35514
35518
35522
35524
35422
35426
35430
35432
35436
35438
35440
35442
35446
35450
35454
35458
35462
35464
35468
35470
35472
35474
35478
35482
35486
35488
35490
35492
35496
35500
35502
35506
35508
35510
35514
35518
35522
35524
35422
35426
35430
35432
35436
35438
35440
35442
35446
35450
35454
35458
35462
35464
35468
35470
35472
35474
35478
35482
35486
35488
35490
35492
35496
35500
35502
35506
35508
35510
35514
35518
35522
35524
35422
35426
35430
35432
35436
35438
35440
35442
35446
35450
35454
35458
35462
35464
35468
35470
35472
35474
35478
35482
35486
35488
35490
35492
35496
35500
35502
35506
35508
35510
35514
35518
35522
35524
35422
35426
35430
35432
35436
35438
35440
35442
35446
35450
35454
35458
35462
35464
35468
35470
35472
35474
35478
35482
35486
35488
35490
35492
35496
35500
35502
35506
35508
35510
35514
35518
35522
35524
35422
35426
35430
35432
35436
35438
35440
35442
35446
35450
35454
35458
35462
35464
35468
35470
35472
35474
35478
35482
35486
35488
35490
35492
35496
35500
35502
35506
35508
35510
35514
35518
35522
35524
35422
35426
35430
35432
35436
35438
35440
35442
35446
35450
35454
35458
35462
35464
35468
35470
35472
35474
35478
35482
35486
35488
35490
35492
35496
35500
35502
35506
35508
35510
35514
35518
35522
35524
35526
35528
35530
35532
35534
35536
35416
35418
35420
35492
35496
35500
35502
35506
35508
35510
35514
35518
35522
35524
35422
35426
35430
35432
35436
35438
35440
35442
35446
35450
35454
35458
35462
35464
35468
35470
35472
35474
35478
35482
35486
35488
35490
35492
35496
35500
35502
35506
35508
35510
35514
35518
35522
35524
35422
35426
35430
35432
35436
35438
35440
35442
35446
35450
35454
35458
35462
35464
35468
35470
35472
35474
35478
35482
35486
35488
35490
35492
35496
35500
35502
35506
35508
35510
35514
35518
35522
35524
35422
35426
35430
35432
35436
35438
35440
35442
35446
35450
35454
35458
35462
35464
35468
35470
35472
35474
35478
35482
35486
35488
35490
35492
35496
35500
35502
35506
35508
35510
35514
35518
35522
35524
35422
35426
35430
35432
35436
35438
35440
35442
35446
35450
35454
35458
35462
35464
35468
35470
35472
35474
35478
35482
35486
35488
35490
35492
35496
35500
35502
35506
35508
35510
35514
35518
35522
35524
35422
35426
35430
35432
35436
35438
35440
35442
35446
35450
35454
35458
35462
35464
35468
35470
35472
35474
35478
35482
35486
35488
35490
35492
35496
35500
35502
35506
35508
35510
35514
35518
35522
35524
35422
35426
35430
35432
35436
35438
35440
35442
35446
35450
35454
35458
35462
35464
35468
35470
35472
35474
35478
35482
35486
35488
35490
35492
35496
35500
35502
35506
35508
35510
35514
35518
35522
35524
35422
35426
35430
35432
35436
35438
35440
35442
35446
35450
35454
35458
35462
35464
35468
35470
35472
35474
35478
35482
35486
35488
35490
35492
35496
35500
35502
35506
35508
35510
35514
35518
35522
35524
35526
35528
35530
35532
35534
35536
35416
35418
35420
35492
35496
35500
35502
35506
35508
35510
35514
35518
35522
35524
35422
35426
35430
35432
35436
35438
35440
35442
35446
35450
35454
35458
35462
35464
35468
35470
35472
35474
35478
35482
35486
35488
35490
35492
35496
35500
35502
35506
35508
35510
35514
35518
35522
35524
35422
35426
35430
35432
35436
35438
35440
35442
35446
35450
35454
35458
35462
35464
35468
35470
35472
35474
35478
35482
35486
35488
35490
35492
35496
35500
35502
35506
35508
35510
35514
35518
35522
35524
35422
35426
35430
35432
35436
35438
35440
35442
35446
35450
35454
35458
35462
35464
35468
35470
35472
35474
35478
35482
35486
35488
35490
35492
35496
35500
35502
35506
35508
35510
35514
35518
35522
35524
35422
35426
35430
35432
35436
35438
35440
35442
35446
35450
35454
35458
35462
35464
35468
35470
35472
35474
35478
35482
35486
35488
35490
35492
35496
35500
35502
35506
35508
35510
35514
35518
35522
35524
35422
35426
35430
35432
35436
35438
35440
35442
35446
35450
35454
35458
35462
35464
35468
35470
35472
35474
35478
35482
35486
35488
35490
35492
35496
35500
35502
35506
35508
35510
35514
35518
35522
35524
35422
35426
35430
35432
35436
35438
35440
35442
35446
35450
35454
35458
35462
35464
35468
35470
35472
35474
35478
35482
35486
35488
35490
35492
35496
35500
35502
35506
35508
35510
35514
35518
35522
35524
35422
35426
35430
35432
35436
35438
35440
35442
35446
35450
35454
35458
35462
35464
35468
35470
35472
35474
35478
35482
35486
35488
35490
35492
35496
35500
35502
35506
35508
35510
35514
35518
35522
35524
35422
35426
35430
35432
35436
35438
35440
35442
35446
35450
35454
35458
35462
35464
35468
35470
35472
35474
35478
35482
35486
35488
35490
35492
35496
35500
35502
35506
35508
35510
35514
35518
35522
35524
35526
35528
35530
35532
35534
35536
35416
35418
35420
35492
35496
35500
35502
35506
35508
35510
35514
35518
35522
35524
35422
35426
35430
35432
35436
35438
35440
35442
35446
35450
35454
35458
35462
35464
35468
35470
35472
35474
35478
35482
35486
35488
35490
35492
35496
35500
35502
35506
35508
35510
35514
35518
35522
35524
35422
35426
35430
35432
35436
35438
35440
35442
35446
35450
35454
35458
35462
35464
35468
35470
35472
35474
35478
35482
35486
35488
35490
35492
35496
35500
35502
35506
35508
35510
35514
35518
35522
35524
35422
35426
35430
35432
35436
35438
35440
35442
35446
35450
35454
35458
35462
35464
35468
35470
35472
35474
35478
35482
35486
35488
35490
35492
35496
35500
35502
35506
35508
35510
35514
35518
35522
35524
35422
35426
35430
35432
35436
35438
35440
35442
35446
35450
35454
35458
35462
35464
35468
35470
35472
35474
35478
35482
35486
35488
35490
35492
35496
35500
35502
35506
35508
35510
35514
35518
35522
35524
35422
35426
35430
35432
35436
35438
35440
35442
35446
35450
35454
35458
35462
35464
35468
35470
35472
35474
35478
35482
35486
35488
35490
35492
35496
35500
35502
35506
35508
35510
35514
35518
35522
35524
35422
35426
35430
35432
35436
35438
35440
35442
35446
35450
35454
35458
35462
35464
35468
35470
35472
35474
35478
35482
35486
35488
35490
35492
35496
35500
35502
35506
35508
35510
35514
35518
35522
35524
35422
35426
35430
35432
35436
35438
35440
35442
35446
35450
35454
35458
35462
35464
35468
35470
35472
35474
35478
35482
35486
35488
35490
35492
35496
35500
35502
35506
35508
35510
35514
35518
35522
35524
35422
35426
35430
35432
35436
35438
35440
35442
35446
35450
35454
35458
35462
35464
35468
35470
35472
35474
35478
35482
35486
35488
35490
35492
35496
35500
35502
35506
35508
35510
35514
35518
35522
35524
35422
35426
35430
35432
35436
35438
35440
35442
35446
35450
35454
35458
35462
35464
35468
35470
35472
35474
35478
35482
35486
35488
35490
35492
35496
35500
35502
35506
35508
35510
35514
35518
35522
35524
35526
35528
35530
35532
35534
35536
35538
35540
35542
35544
35546
