3204447648
3204447652
3204447636
3204447640
3204447644
3204447636
3204447640
3204447628
3204447620
3204447616
3204447620
3204447616
3204447620
3204447620
3204447620
3204447616
3204447616
3204447620
3204447616
3204447620
3204447616
3204447616
3204447616
3204447616
3204447620
3204447620
3204447616
3204447620
3204447616
3204447616
3204447616
3204447616
3204447620
3204447620
3204447616
3204447620
3204447616
3204447616
3204447616
3204447616
3204447620
3204447620
3204447616
3204447620
3204447616
3204447616
3204447616
3204447616
3204447620
3204447620
3204447616
3204447620
3204447616
3204447616
3204447616
3204447616
3204447620
3204447620
3204447616
3204447620
3204447616
3204447616
3204447616
3204447616
3204447620
3204447620
3204447616
3204447620
3204447616
3204447616
3204447616
3204447616
3204447620
3204447620
3204447616
3204447620
3204447616
3204447616
3204447616
3204447616
3204447620
3204447620
3204447616
3204447620
3204447616
3204447616
3204447616
3204447616
3204447616
3204447620
3204447620
3204447616
3204447620
3204447620
3204447620
3204447616
3204447616
3204447620
3204447616
3204447620
3204447616
3204447616
3204447616
3204447616
3204447616
3204447620
3204447620
3204447616
3204447620
3204447620
3204447620
3204447616
3204447616
3204447620
3204447616
3204447620
3204447620
3204447620
3204447616
3204447616
3204447620
3204447616
3204447620
3204447616
3204447616
3204447616
3204447616
3204447616
3204447620
3204447620
3204447616
3204447620
3204447620
3204447620
3204447616
3204447616
3204447620
3204447616
3204447620
3204447620
3204447620
3204447616
3204447616
3204447620
3204447616
3204447620
3204447616
3204447616
3204447616
3204447616
3204447616
3204447620
3204447620
3204447616
3204447620
3204447620
3204447620
3204447616
3204447616
3204447620
3204447616
3204447620
3204447620
3204447620
3204447616
3204447616
3204447620
3204447616
3204447620
3204447620
3204447620
3204447616
3204447616
3204447620
3204447628
3204447644
3204447644
3204447648
