3204447648
3204447652
3204447644
3204447640
3204447640
3204447644
3204447644
3204447640
3204447644
453824
3204447640
3204447640
3204447640
3204447644
3204447644
3204447640
3204447644
453828
3204447640
3204447640
3204447640
3204447644
3204447644
3204447640
3204447644
453832
3204447640
3204447640
3204447640
3204447644
3204447644
3204447640
3204447644
453836
3204447640
3204447640
3204447640
3204447644
3204447644
3204447640
3204447644
453840
3204447640
3204447640
3204447640
3204447644
3204447644
3204447640
3204447644
453844
3204447640
3204447640
3204447640
3204447644
3204447644
3204447640
3204447644
453848
3204447640
3204447640
3204447640
3204447644
3204447644
3204447640
3204447644
453852
3204447640
3204447640
3204447640
3204447644
3204447644
3204447640
3204447644
453856
3204447640
3204447640
3204447640
3204447644
3204447644
3204447640
3204447644
453860
3204447640
3204447640
3204447640
3204447644
3204447644
3204447640
3204447644
453864
3204447640
3204447640
3204447640
3204447644
3204447644
3204447640
3204447644
453868
3204447640
3204447640
3204447640
3204447644
3204447644
3204447640
3204447644
453872
3204447640
3204447640
3204447640
3204447644
3204447644
3204447640
3204447644
453876
3204447640
3204447640
3204447640
3204447644
3204447644
3204447640
3204447644
453880
3204447640
3204447640
3204447640
3204447644
3204447644
3204447640
3204447644
453884
3204447640
3204447640
3204447640
3204447644
3204447644
3204447640
3204447644
453888
3204447640
3204447640
3204447640
3204447644
3204447644
3204447640
3204447644
453892
3204447640
3204447640
3204447640
3204447644
3204447644
3204447640
3204447644
453896
3204447640
3204447640
3204447640
3204447644
3204447644
3204447640
3204447644
453900
3204447640
3204447640
3204447640
3204447644
3204447644
3204447640
3204447644
453904
3204447640
3204447640
3204447640
3204447644
3204447644
3204447640
3204447644
453908
3204447640
3204447640
3204447640
3204447644
3204447644
3204447640
3204447644
453912
3204447640
3204447640
3204447640
3204447644
3204447644
3204447640
3204447644
453916
3204447640
3204447640
3204447640
3204447644
3204447644
3204447640
3204447644
453920
3204447640
3204447640
3204447640
3204447644
3204447644
3204447640
3204447644
453924
3204447640
3204447640
3204447640
3204447644
3204447644
3204447640
3204447644
453928
3204447640
3204447640
3204447640
3204447644
3204447644
3204447640
3204447644
453932
3204447640
3204447640
3204447640
3204447644
3204447644
3204447640
3204447644
453936
3204447640
3204447640
3204447640
3204447644
3204447644
3204447640
3204447644
453940
3204447640
3204447640
3204447640
3204447644
3204447644
3204447640
3204447644
453944
3204447640
3204447640
3204447640
3204447644
3204447644
3204447640
3204447644
453948
3204447640
3204447640
3204447640
3204447644
3204447644
3204447640
3204447644
453952
3204447640
3204447640
3204447640
3204447644
3204447644
3204447640
3204447644
453956
3204447640
3204447640
3204447640
3204447644
3204447644
3204447640
3204447644
453960
3204447640
3204447640
3204447640
3204447644
3204447644
3204447640
3204447644
453964
3204447640
3204447640
3204447640
3204447644
3204447644
3204447640
3204447644
453968
3204447640
3204447640
3204447640
3204447644
3204447644
3204447640
3204447644
453972
3204447640
3204447640
3204447640
3204447644
3204447644
3204447640
3204447644
453976
3204447640
3204447640
3204447640
3204447644
3204447644
3204447640
3204447644
453980
3204447640
3204447640
3204447640
3204447644
3204447644
3204447640
3204447644
453984
3204447640
3204447640
3204447640
3204447644
3204447644
3204447640
3204447644
453988
3204447640
3204447640
3204447640
3204447644
3204447644
3204447640
3204447644
453992
3204447640
3204447640
3204447640
3204447644
3204447644
3204447640
3204447644
453996
3204447640
3204447640
3204447640
3204447644
3204447644
3204447640
3204447644
454000
3204447640
3204447640
3204447640
3204447644
3204447644
3204447640
3204447644
454004
3204447640
3204447640
3204447640
3204447644
3204447644
3204447640
3204447644
454008
3204447640
3204447640
3204447640
3204447644
3204447644
3204447640
3204447644
454012
3204447640
3204447640
3204447640
3204447644
3204447644
3204447640
3204447644
454016
3204447640
3204447640
3204447640
3204447644
3204447644
3204447640
3204447644
454020
3204447640
3204447640
3204447640
3204447644
3204447644
3204447640
3204447644
454024
3204447640
3204447640
3204447640
3204447644
3204447644
3204447640
3204447644
454028
3204447640
3204447640
3204447640
3204447644
3204447644
3204447640
3204447644
454032
3204447640
3204447640
3204447640
3204447644
3204447644
3204447640
3204447644
454036
3204447640
3204447640
3204447640
3204447644
3204447644
3204447640
3204447644
454040
3204447640
3204447640
3204447640
3204447644
3204447644
3204447640
3204447644
454044
3204447640
3204447640
3204447640
3204447644
3204447644
3204447640
3204447644
454048
3204447640
3204447640
3204447640
3204447644
3204447644
3204447640
3204447644
454052
3204447640
3204447640
3204447640
3204447644
3204447644
3204447640
3204447644
454056
3204447640
3204447640
3204447640
3204447644
3204447644
3204447640
3204447644
454060
3204447640
3204447640
3204447640
3204447644
3204447644
3204447640
3204447644
454064
3204447640
3204447640
3204447640
3204447644
3204447644
3204447640
3204447644
454068
3204447640
3204447640
3204447640
3204447644
3204447644
3204447640
3204447644
454072
3204447640
3204447640
3204447640
3204447644
3204447644
3204447640
3204447644
454076
3204447640
3204447640
3204447640
3204447636
3204447556
3204447560
3204447560
3204447556
453824
3204447556
453852
3204447564
3204447556
453824
3204447556
453852
3204447568
3204447556
453828
3204447556
453848
3204447572
3204447556
453828
3204447556
453848
3204447576
3204447556
453832
3204447556
453844
3204447580
3204447556
453832
3204447556
453844
3204447584
3204447556
453836
3204447556
453840
3204447588
3204447556
453836
3204447556
453840
3204447592
3204447564
3204447588
3204447596
3204447564
3204447588
3204447600
3204447572
3204447580
3204447604
3204447572
3204447580
3204447608
3204447596
3204447604
3204447556
453824
3204447556
3204447596
3204447604
453840
3204447608
3204447600
3204447612
3204447556
3204447600
3204447612
453832
3204447556
3204447608
3204447612
453848
3204447592
3204447568
3204447612
3204447584
3204447576
3204447616
3204447592
3204447576
3204447620
3204447584
3204447568
3204447624
3204447620
3204447624
3204447628
3204447592
3204447592
3204447584
3204447584
3204447576
3204447576
3204447568
3204447568
3204447612
3204447612
3204447616
3204447616
3204447620
3204447620
3204447624
3204447624
3204447620
3204447628
3204447620
3204447624
3204447628
3204447624
3204447556
3204447592
3204447612
3204447620
453852
3204447556
3204447584
3204447616
3204447624
453844
3204447556
3204447576
3204447616
3204447620
453836
3204447556
3204447568
3204447612
3204447624
453828
3204447556
3204447556
3204447560
3204447560
3204447560
3204447556
453856
3204447556
453884
3204447564
3204447556
453856
3204447556
453884
3204447568
3204447556
453860
3204447556
453880
3204447572
3204447556
453860
3204447556
453880
3204447576
3204447556
453864
3204447556
453876
3204447580
3204447556
453864
3204447556
453876
3204447584
3204447556
453868
3204447556
453872
3204447588
3204447556
453868
3204447556
453872
3204447592
3204447564
3204447588
3204447596
3204447564
3204447588
3204447600
3204447572
3204447580
3204447604
3204447572
3204447580
3204447608
3204447596
3204447604
3204447556
453856
3204447556
3204447596
3204447604
453872
3204447608
3204447600
3204447612
3204447556
3204447600
3204447612
453864
3204447556
3204447608
3204447612
453880
3204447592
3204447568
3204447612
3204447584
3204447576
3204447616
3204447592
3204447576
3204447620
3204447584
3204447568
3204447624
3204447620
3204447624
3204447628
3204447592
3204447592
3204447584
3204447584
3204447576
3204447576
3204447568
3204447568
3204447612
3204447612
3204447616
3204447616
3204447620
3204447620
3204447624
3204447624
3204447620
3204447628
3204447620
3204447624
3204447628
3204447624
3204447556
3204447592
3204447612
3204447620
453884
3204447556
3204447584
3204447616
3204447624
453876
3204447556
3204447576
3204447616
3204447620
453868
3204447556
3204447568
3204447612
3204447624
453860
3204447556
3204447556
3204447560
3204447560
3204447560
3204447556
453888
3204447556
453916
3204447564
3204447556
453888
3204447556
453916
3204447568
3204447556
453892
3204447556
453912
3204447572
3204447556
453892
3204447556
453912
3204447576
3204447556
453896
3204447556
453908
3204447580
3204447556
453896
3204447556
453908
3204447584
3204447556
453900
3204447556
453904
3204447588
3204447556
453900
3204447556
453904
3204447592
3204447564
3204447588
3204447596
3204447564
3204447588
3204447600
3204447572
3204447580
3204447604
3204447572
3204447580
3204447608
3204447596
3204447604
3204447556
453888
3204447556
3204447596
3204447604
453904
3204447608
3204447600
3204447612
3204447556
3204447600
3204447612
453896
3204447556
3204447608
3204447612
453912
3204447592
3204447568
3204447612
3204447584
3204447576
3204447616
3204447592
3204447576
3204447620
3204447584
3204447568
3204447624
3204447620
3204447624
3204447628
3204447592
3204447592
3204447584
3204447584
3204447576
3204447576
3204447568
3204447568
3204447612
3204447612
3204447616
3204447616
3204447620
3204447620
3204447624
3204447624
3204447620
3204447628
3204447620
3204447624
3204447628
3204447624
3204447556
3204447592
3204447612
3204447620
453916
3204447556
3204447584
3204447616
3204447624
453908
3204447556
3204447576
3204447616
3204447620
453900
3204447556
3204447568
3204447612
3204447624
453892
3204447556
3204447556
3204447560
3204447560
3204447560
3204447556
453920
3204447556
453948
3204447564
3204447556
453920
3204447556
453948
3204447568
3204447556
453924
3204447556
453944
3204447572
3204447556
453924
3204447556
453944
3204447576
3204447556
453928
3204447556
453940
3204447580
3204447556
453928
3204447556
453940
3204447584
3204447556
453932
3204447556
453936
3204447588
3204447556
453932
3204447556
453936
3204447592
3204447564
3204447588
3204447596
3204447564
3204447588
3204447600
3204447572
3204447580
3204447604
3204447572
3204447580
3204447608
3204447596
3204447604
3204447556
453920
3204447556
3204447596
3204447604
453936
3204447608
3204447600
3204447612
3204447556
3204447600
3204447612
453928
3204447556
3204447608
3204447612
453944
3204447592
3204447568
3204447612
3204447584
3204447576
3204447616
3204447592
3204447576
3204447620
3204447584
3204447568
3204447624
3204447620
3204447624
3204447628
3204447592
3204447592
3204447584
3204447584
3204447576
3204447576
3204447568
3204447568
3204447612
3204447612
3204447616
3204447616
3204447620
3204447620
3204447624
3204447624
3204447620
3204447628
3204447620
3204447624
3204447628
3204447624
3204447556
3204447592
3204447612
3204447620
453948
3204447556
3204447584
3204447616
3204447624
453940
3204447556
3204447576
3204447616
3204447620
453932
3204447556
3204447568
3204447612
3204447624
453924
3204447556
3204447556
3204447560
3204447560
3204447560
3204447556
453952
3204447556
453980
3204447564
3204447556
453952
3204447556
453980
3204447568
3204447556
453956
3204447556
453976
3204447572
3204447556
453956
3204447556
453976
3204447576
3204447556
453960
3204447556
453972
3204447580
3204447556
453960
3204447556
453972
3204447584
3204447556
453964
3204447556
453968
3204447588
3204447556
453964
3204447556
453968
3204447592
3204447564
3204447588
3204447596
3204447564
3204447588
3204447600
3204447572
3204447580
3204447604
3204447572
3204447580
3204447608
3204447596
3204447604
3204447556
453952
3204447556
3204447596
3204447604
453968
3204447608
3204447600
3204447612
3204447556
3204447600
3204447612
453960
3204447556
3204447608
3204447612
453976
3204447592
3204447568
3204447612
3204447584
3204447576
3204447616
3204447592
3204447576
3204447620
3204447584
3204447568
3204447624
3204447620
3204447624
3204447628
3204447592
3204447592
3204447584
3204447584
3204447576
3204447576
3204447568
3204447568
3204447612
3204447612
3204447616
3204447616
3204447620
3204447620
3204447624
3204447624
3204447620
3204447628
3204447620
3204447624
3204447628
3204447624
3204447556
3204447592
3204447612
3204447620
453980
3204447556
3204447584
3204447616
3204447624
453972
3204447556
3204447576
3204447616
3204447620
453964
3204447556
3204447568
3204447612
3204447624
453956
3204447556
3204447556
3204447560
3204447560
3204447560
3204447556
453984
3204447556
454012
3204447564
3204447556
453984
3204447556
454012
3204447568
3204447556
453988
3204447556
454008
3204447572
3204447556
453988
3204447556
454008
3204447576
3204447556
453992
3204447556
454004
3204447580
3204447556
453992
3204447556
454004
3204447584
3204447556
453996
3204447556
454000
3204447588
3204447556
453996
3204447556
454000
3204447592
3204447564
3204447588
3204447596
3204447564
3204447588
3204447600
3204447572
3204447580
3204447604
3204447572
3204447580
3204447608
3204447596
3204447604
3204447556
453984
3204447556
3204447596
3204447604
454000
3204447608
3204447600
3204447612
3204447556
3204447600
3204447612
453992
3204447556
3204447608
3204447612
454008
3204447592
3204447568
3204447612
3204447584
3204447576
3204447616
3204447592
3204447576
3204447620
3204447584
3204447568
3204447624
3204447620
3204447624
3204447628
3204447592
3204447592
3204447584
3204447584
3204447576
3204447576
3204447568
3204447568
3204447612
3204447612
3204447616
3204447616
3204447620
3204447620
3204447624
3204447624
3204447620
3204447628
3204447620
3204447624
3204447628
3204447624
3204447556
3204447592
3204447612
3204447620
454012
3204447556
3204447584
3204447616
3204447624
454004
3204447556
3204447576
3204447616
3204447620
453996
3204447556
3204447568
3204447612
3204447624
453988
3204447556
3204447556
3204447560
3204447560
3204447560
3204447556
454016
3204447556
454044
3204447564
3204447556
454016
3204447556
454044
3204447568
3204447556
454020
3204447556
454040
3204447572
3204447556
454020
3204447556
454040
3204447576
3204447556
454024
3204447556
454036
3204447580
3204447556
454024
3204447556
454036
3204447584
3204447556
454028
3204447556
454032
3204447588
3204447556
454028
3204447556
454032
3204447592
3204447564
3204447588
3204447596
3204447564
3204447588
3204447600
3204447572
3204447580
3204447604
3204447572
3204447580
3204447608
3204447596
3204447604
3204447556
454016
3204447556
3204447596
3204447604
454032
3204447608
3204447600
3204447612
3204447556
3204447600
3204447612
454024
3204447556
3204447608
3204447612
454040
3204447592
3204447568
3204447612
3204447584
3204447576
3204447616
3204447592
3204447576
3204447620
3204447584
3204447568
3204447624
3204447620
3204447624
3204447628
3204447592
3204447592
3204447584
3204447584
3204447576
3204447576
3204447568
3204447568
3204447612
3204447612
3204447616
3204447616
3204447620
3204447620
3204447624
3204447624
3204447620
3204447628
3204447620
3204447624
3204447628
3204447624
3204447556
3204447592
3204447612
3204447620
454044
3204447556
3204447584
3204447616
3204447624
454036
3204447556
3204447576
3204447616
3204447620
454028
3204447556
3204447568
3204447612
3204447624
454020
3204447556
3204447556
3204447560
3204447560
3204447560
3204447556
454048
3204447556
454076
3204447564
3204447556
454048
3204447556
454076
3204447568
3204447556
454052
3204447556
454072
3204447572
3204447556
454052
3204447556
454072
3204447576
3204447556
454056
3204447556
454068
3204447580
3204447556
454056
3204447556
454068
3204447584
3204447556
454060
3204447556
454064
3204447588
3204447556
454060
3204447556
454064
3204447592
3204447564
3204447588
3204447596
3204447564
3204447588
3204447600
3204447572
3204447580
3204447604
3204447572
3204447580
3204447608
3204447596
3204447604
3204447556
454048
3204447556
3204447596
3204447604
454064
3204447608
3204447600
3204447612
3204447556
3204447600
3204447612
454056
3204447556
3204447608
3204447612
454072
3204447592
3204447568
3204447612
3204447584
3204447576
3204447616
3204447592
3204447576
3204447620
3204447584
3204447568
3204447624
3204447620
3204447624
3204447628
3204447592
3204447592
3204447584
3204447584
3204447576
3204447576
3204447568
3204447568
3204447612
3204447612
3204447616
3204447616
3204447620
3204447620
3204447624
3204447624
3204447620
3204447628
3204447620
3204447624
3204447628
3204447624
3204447556
3204447592
3204447612
3204447620
454076
3204447556
3204447584
3204447616
3204447624
454068
3204447556
3204447576
3204447616
3204447620
454060
3204447556
3204447568
3204447612
3204447624
454052
3204447556
3204447556
3204447560
3204447560
3204447560
3204447556
3204447560
3204447560
3204447556
453824
3204447556
454048
3204447564
3204447556
453824
3204447556
454048
3204447568
3204447556
453856
3204447556
454016
3204447572
3204447556
453856
3204447556
454016
3204447576
3204447556
453888
3204447556
453984
3204447580
3204447556
453888
3204447556
453984
3204447584
3204447556
453920
3204447556
453952
3204447588
3204447556
453920
3204447556
453952
3204447592
3204447564
3204447588
3204447596
3204447564
3204447588
3204447600
3204447572
3204447580
3204447604
3204447572
3204447580
3204447608
3204447596
3204447604
3204447556
453824
3204447556
3204447596
3204447604
453952
3204447608
3204447600
3204447612
3204447556
3204447600
3204447612
453888
3204447556
3204447608
3204447612
454016
3204447592
3204447568
3204447612
3204447584
3204447576
3204447616
3204447592
3204447576
3204447620
3204447584
3204447568
3204447624
3204447620
3204447624
3204447628
3204447592
3204447592
3204447584
3204447584
3204447576
3204447576
3204447568
3204447568
3204447612
3204447612
3204447616
3204447616
3204447620
3204447620
3204447624
3204447624
3204447620
3204447628
3204447620
3204447624
3204447628
3204447624
3204447556
3204447592
3204447612
3204447620
454048
3204447556
3204447584
3204447616
3204447624
453984
3204447556
3204447576
3204447616
3204447620
453920
3204447556
3204447568
3204447612
3204447624
453856
3204447556
3204447556
3204447560
3204447560
3204447560
3204447556
453828
3204447556
454052
3204447564
3204447556
453828
3204447556
454052
3204447568
3204447556
453860
3204447556
454020
3204447572
3204447556
453860
3204447556
454020
3204447576
3204447556
453892
3204447556
453988
3204447580
3204447556
453892
3204447556
453988
3204447584
3204447556
453924
3204447556
453956
3204447588
3204447556
453924
3204447556
453956
3204447592
3204447564
3204447588
3204447596
3204447564
3204447588
3204447600
3204447572
3204447580
3204447604
3204447572
3204447580
3204447608
3204447596
3204447604
3204447556
453828
3204447556
3204447596
3204447604
453956
3204447608
3204447600
3204447612
3204447556
3204447600
3204447612
453892
3204447556
3204447608
3204447612
454020
3204447592
3204447568
3204447612
3204447584
3204447576
3204447616
3204447592
3204447576
3204447620
3204447584
3204447568
3204447624
3204447620
3204447624
3204447628
3204447592
3204447592
3204447584
3204447584
3204447576
3204447576
3204447568
3204447568
3204447612
3204447612
3204447616
3204447616
3204447620
3204447620
3204447624
3204447624
3204447620
3204447628
3204447620
3204447624
3204447628
3204447624
3204447556
3204447592
3204447612
3204447620
454052
3204447556
3204447584
3204447616
3204447624
453988
3204447556
3204447576
3204447616
3204447620
453924
3204447556
3204447568
3204447612
3204447624
453860
3204447556
3204447556
3204447560
3204447560
3204447560
3204447556
453832
3204447556
454056
3204447564
3204447556
453832
3204447556
454056
3204447568
3204447556
453864
3204447556
454024
3204447572
3204447556
453864
3204447556
454024
3204447576
3204447556
453896
3204447556
453992
3204447580
3204447556
453896
3204447556
453992
3204447584
3204447556
453928
3204447556
453960
3204447588
3204447556
453928
3204447556
453960
3204447592
3204447564
3204447588
3204447596
3204447564
3204447588
3204447600
3204447572
3204447580
3204447604
3204447572
3204447580
3204447608
3204447596
3204447604
3204447556
453832
3204447556
3204447596
3204447604
453960
3204447608
3204447600
3204447612
3204447556
3204447600
3204447612
453896
3204447556
3204447608
3204447612
454024
3204447592
3204447568
3204447612
3204447584
3204447576
3204447616
3204447592
3204447576
3204447620
3204447584
3204447568
3204447624
3204447620
3204447624
3204447628
3204447592
3204447592
3204447584
3204447584
3204447576
3204447576
3204447568
3204447568
3204447612
3204447612
3204447616
3204447616
3204447620
3204447620
3204447624
3204447624
3204447620
3204447628
3204447620
3204447624
3204447628
3204447624
3204447556
3204447592
3204447612
3204447620
454056
3204447556
3204447584
3204447616
3204447624
453992
3204447556
3204447576
3204447616
3204447620
453928
3204447556
3204447568
3204447612
3204447624
453864
3204447556
3204447556
3204447560
3204447560
3204447560
3204447556
453836
3204447556
454060
3204447564
3204447556
453836
3204447556
454060
3204447568
3204447556
453868
3204447556
454028
3204447572
3204447556
453868
3204447556
454028
3204447576
3204447556
453900
3204447556
453996
3204447580
3204447556
453900
3204447556
453996
3204447584
3204447556
453932
3204447556
453964
3204447588
3204447556
453932
3204447556
453964
3204447592
3204447564
3204447588
3204447596
3204447564
3204447588
3204447600
3204447572
3204447580
3204447604
3204447572
3204447580
3204447608
3204447596
3204447604
3204447556
453836
3204447556
3204447596
3204447604
453964
3204447608
3204447600
3204447612
3204447556
3204447600
3204447612
453900
3204447556
3204447608
3204447612
454028
3204447592
3204447568
3204447612
3204447584
3204447576
3204447616
3204447592
3204447576
3204447620
3204447584
3204447568
3204447624
3204447620
3204447624
3204447628
3204447592
3204447592
3204447584
3204447584
3204447576
3204447576
3204447568
3204447568
3204447612
3204447612
3204447616
3204447616
3204447620
3204447620
3204447624
3204447624
3204447620
3204447628
3204447620
3204447624
3204447628
3204447624
3204447556
3204447592
3204447612
3204447620
454060
3204447556
3204447584
3204447616
3204447624
453996
3204447556
3204447576
3204447616
3204447620
453932
3204447556
3204447568
3204447612
3204447624
453868
3204447556
3204447556
3204447560
3204447560
3204447560
3204447556
453840
3204447556
454064
3204447564
3204447556
453840
3204447556
454064
3204447568
3204447556
453872
3204447556
454032
3204447572
3204447556
453872
3204447556
454032
3204447576
3204447556
453904
3204447556
454000
3204447580
3204447556
453904
3204447556
454000
3204447584
3204447556
453936
3204447556
453968
3204447588
3204447556
453936
3204447556
453968
3204447592
3204447564
3204447588
3204447596
3204447564
3204447588
3204447600
3204447572
3204447580
3204447604
3204447572
3204447580
3204447608
3204447596
3204447604
3204447556
453840
3204447556
3204447596
3204447604
453968
3204447608
3204447600
3204447612
3204447556
3204447600
3204447612
453904
3204447556
3204447608
3204447612
454032
3204447592
3204447568
3204447612
3204447584
3204447576
3204447616
3204447592
3204447576
3204447620
3204447584
3204447568
3204447624
3204447620
3204447624
3204447628
3204447592
3204447592
3204447584
3204447584
3204447576
3204447576
3204447568
3204447568
3204447612
3204447612
3204447616
3204447616
3204447620
3204447620
3204447624
3204447624
3204447620
3204447628
3204447620
3204447624
3204447628
3204447624
3204447556
3204447592
3204447612
3204447620
454064
3204447556
3204447584
3204447616
3204447624
454000
3204447556
3204447576
3204447616
3204447620
453936
3204447556
3204447568
3204447612
3204447624
453872
3204447556
3204447556
3204447560
3204447560
3204447560
3204447556
453844
3204447556
454068
3204447564
3204447556
453844
3204447556
454068
3204447568
3204447556
453876
3204447556
454036
3204447572
3204447556
453876
3204447556
454036
3204447576
3204447556
453908
3204447556
454004
3204447580
3204447556
453908
3204447556
454004
3204447584
3204447556
453940
3204447556
453972
3204447588
3204447556
453940
3204447556
453972
3204447592
3204447564
3204447588
3204447596
3204447564
3204447588
3204447600
3204447572
3204447580
3204447604
3204447572
3204447580
3204447608
3204447596
3204447604
3204447556
453844
3204447556
3204447596
3204447604
453972
3204447608
3204447600
3204447612
3204447556
3204447600
3204447612
453908
3204447556
3204447608
3204447612
454036
3204447592
3204447568
3204447612
3204447584
3204447576
3204447616
3204447592
3204447576
3204447620
3204447584
3204447568
3204447624
3204447620
3204447624
3204447628
3204447592
3204447592
3204447584
3204447584
3204447576
3204447576
3204447568
3204447568
3204447612
3204447612
3204447616
3204447616
3204447620
3204447620
3204447624
3204447624
3204447620
3204447628
3204447620
3204447624
3204447628
3204447624
3204447556
3204447592
3204447612
3204447620
454068
3204447556
3204447584
3204447616
3204447624
454004
3204447556
3204447576
3204447616
3204447620
453940
3204447556
3204447568
3204447612
3204447624
453876
3204447556
3204447556
3204447560
3204447560
3204447560
3204447556
453848
3204447556
454072
3204447564
3204447556
453848
3204447556
454072
3204447568
3204447556
453880
3204447556
454040
3204447572
3204447556
453880
3204447556
454040
3204447576
3204447556
453912
3204447556
454008
3204447580
3204447556
453912
3204447556
454008
3204447584
3204447556
453944
3204447556
453976
3204447588
3204447556
453944
3204447556
453976
3204447592
3204447564
3204447588
3204447596
3204447564
3204447588
3204447600
3204447572
3204447580
3204447604
3204447572
3204447580
3204447608
3204447596
3204447604
3204447556
453848
3204447556
3204447596
3204447604
453976
3204447608
3204447600
3204447612
3204447556
3204447600
3204447612
453912
3204447556
3204447608
3204447612
454040
3204447592
3204447568
3204447612
3204447584
3204447576
3204447616
3204447592
3204447576
3204447620
3204447584
3204447568
3204447624
3204447620
3204447624
3204447628
3204447592
3204447592
3204447584
3204447584
3204447576
3204447576
3204447568
3204447568
3204447612
3204447612
3204447616
3204447616
3204447620
3204447620
3204447624
3204447624
3204447620
3204447628
3204447620
3204447624
3204447628
3204447624
3204447556
3204447592
3204447612
3204447620
454072
3204447556
3204447584
3204447616
3204447624
454008
3204447556
3204447576
3204447616
3204447620
453944
3204447556
3204447568
3204447612
3204447624
453880
3204447556
3204447556
3204447560
3204447560
3204447560
3204447556
453852
3204447556
454076
3204447564
3204447556
453852
3204447556
454076
3204447568
3204447556
453884
3204447556
454044
3204447572
3204447556
453884
3204447556
454044
3204447576
3204447556
453916
3204447556
454012
3204447580
3204447556
453916
3204447556
454012
3204447584
3204447556
453948
3204447556
453980
3204447588
3204447556
453948
3204447556
453980
3204447592
3204447564
3204447588
3204447596
3204447564
3204447588
3204447600
3204447572
3204447580
3204447604
3204447572
3204447580
3204447608
3204447596
3204447604
3204447556
453852
3204447556
3204447596
3204447604
453980
3204447608
3204447600
3204447612
3204447556
3204447600
3204447612
453916
3204447556
3204447608
3204447612
454044
3204447592
3204447568
3204447612
3204447584
3204447576
3204447616
3204447592
3204447576
3204447620
3204447584
3204447568
3204447624
3204447620
3204447624
3204447628
3204447592
3204447592
3204447584
3204447584
3204447576
3204447576
3204447568
3204447568
3204447612
3204447612
3204447616
3204447616
3204447620
3204447620
3204447624
3204447624
3204447620
3204447628
3204447620
3204447624
3204447628
3204447624
3204447556
3204447592
3204447612
3204447620
454076
3204447556
3204447584
3204447616
3204447624
454012
3204447556
3204447576
3204447616
3204447620
453948
3204447556
3204447568
3204447612
3204447624
453884
3204447556
3204447556
3204447560
3204447560
3204447560
3204447636
3204447648
