36404
36406
36408
36410
36412
36414
36416
36418
36488
36490
36492
36420
36422
36424
36426
36428
36430
36432
36436
36440
36444
36448
36450
36452
36454
36456
36458
36460
36462
36464
36466
36470
36474
36476
36478
36482
36484
36486
36488
36490
36492
36420
36422
36424
36426
36428
36430
36432
36436
36440
36444
36448
36450
36452
36454
36456
36458
36460
36462
36464
36466
36470
36474
36476
36478
36482
36484
36486
36488
36490
36492
36420
36422
36424
36426
36428
36430
36432
36436
36440
36444
36448
36450
36452
36454
36456
36458
36460
36462
36464
36466
36470
36474
36476
36478
36482
36484
36486
36488
36490
36492
36420
36422
36424
36426
36428
36430
36432
36436
36440
36444
36448
36450
36452
36454
36456
36458
36460
36462
36464
36466
36470
36474
36476
36478
36482
36484
36486
36488
36490
36492
36420
36422
36424
36426
36428
36430
36432
36436
36440
36444
36448
36450
36452
36454
36456
36458
36460
36462
36464
36466
36470
36474
36476
36478
36482
36484
36486
36488
36490
36492
36420
36422
36424
36426
36428
36430
36432
36436
36440
36444
36448
36450
36452
36454
36456
36458
36460
36462
36464
36466
36470
36474
36476
36478
36482
36484
36486
36488
36490
36492
36420
36422
36424
36426
36428
36430
36432
36436
36440
36444
36448
36450
36452
36454
36456
36458
36460
36462
36464
36466
36470
36474
36476
36478
36482
36484
36486
36488
36490
36492
36420
36422
36424
36426
36428
36430
36432
36436
36440
36444
36448
36450
36452
36454
36456
36458
36460
36462
36464
36466
36470
36474
36476
36478
36482
36484
36486
36488
36490
36492
36420
36422
36424
36426
36428
36430
36432
36436
36440
36444
36448
36450
36452
36454
36456
36458
36460
36462
36464
36466
36470
36474
36476
36478
36482
36484
36486
36488
36490
36492
36420
36422
36424
36426
36428
36430
36432
36436
36440
36444
36448
36450
36452
36454
36456
36458
36460
36462
36464
36466
36470
36474
36476
36478
36482
36484
36486
36488
36490
36492
36420
36422
36424
36426
36428
36430
36432
36436
36440
36444
36448
36450
36452
36454
36456
36458
36460
36462
36464
36466
36470
36474
36476
36478
36482
36484
36486
36488
36490
36492
36420
36422
36424
36426
36428
36430
36432
36436
36440
36444
36448
36450
36452
36454
36456
36458
36460
36462
36464
36466
36470
36474
36476
36478
36482
36484
36486
36488
36490
36492
36420
36422
36424
36426
36428
36430
36432
36436
36440
36444
36448
36450
36452
36454
36456
36458
36460
36462
36464
36466
36470
36474
36476
36478
36482
36484
36486
36488
36490
36492
36420
36422
36424
36426
36428
36430
36432
36436
36440
36444
36448
36450
36452
36454
36456
36458
36460
36462
36464
36466
36470
36474
36476
36478
36482
36484
36486
36488
36490
36492
36420
36422
36424
36426
36428
36430
36432
36436
36440
36444
36448
36450
36452
36454
36456
36458
36460
36462
36464
36466
36470
36474
36476
36478
36482
36484
36486
36488
36490
36492
36420
36422
36424
36426
36428
36430
36432
36436
36440
36444
36448
36450
36452
36454
36456
36458
36460
36462
36464
36466
36470
36474
36476
36478
36482
36484
36486
36488
36490
36492
36420
36422
36424
36426
36428
36430
36432
36436
36440
36444
36448
36450
36452
36454
36456
36458
36460
36462
36464
36466
36470
36474
36476
36478
36482
36484
36486
36488
36490
36492
36420
36422
36424
36426
36428
36430
36432
36436
36440
36444
36448
36450
36452
36454
36456
36458
36460
36462
36464
36466
36470
36474
36476
36478
36482
36484
36486
36488
36490
36492
36420
36422
36424
36426
36428
36430
36432
36436
36440
36444
36448
36450
36452
36454
36456
36458
36460
36462
36464
36466
36470
36474
36476
36478
36482
36484
36486
36488
36490
36492
36420
36422
36424
36426
36428
36430
36432
36436
36440
36444
36448
36450
36452
36454
36456
36458
36460
36462
36464
36466
36470
36474
36476
36478
36482
36484
36486
36488
36490
36492
36420
36422
36424
36426
36428
36430
36432
36436
36440
36444
36448
36450
36452
36454
36456
36458
36460
36462
36464
36466
36470
36474
36476
36478
36482
36484
36486
36488
36490
36492
36420
36422
36424
36426
36428
36430
36432
36436
36440
36444
36448
36450
36452
36454
36456
36458
36460
36462
36464
36466
36470
36474
36476
36478
36482
36484
36486
36488
36490
36492
36420
36422
36424
36426
36428
36430
36432
36436
36440
36444
36448
36450
36452
36454
36456
36458
36460
36462
36464
36466
36470
36474
36476
36478
36482
36484
36486
36488
36490
36492
36420
36422
36424
36426
36428
36430
36432
36436
36440
36444
36448
36450
36452
36454
36456
36458
36460
36462
36464
36466
36470
36474
36476
36478
36482
36484
36486
36488
36490
36492
36420
36422
36424
36426
36428
36430
36432
36436
36440
36444
36448
36450
36452
36454
36456
36458
36460
36462
36464
36466
36470
36474
36476
36478
36482
36484
36486
36488
36490
36492
36420
36422
36424
36426
36428
36430
36432
36436
36440
36444
36448
36450
36452
36454
36456
36458
36460
36462
36464
36466
36470
36474
36476
36478
36482
36484
36486
36488
36490
36492
36420
36422
36424
36426
36428
36430
36432
36436
36440
36444
36448
36450
36452
36454
36456
36458
36460
36462
36464
36466
36470
36474
36476
36478
36482
36484
36486
36488
36490
36492
36420
36422
36424
36426
36428
36430
36432
36436
36440
36444
36448
36450
36452
36454
36456
36458
36460
36462
36464
36466
36470
36474
36476
36478
36482
36484
36486
36488
36490
36492
36420
36422
36424
36426
36428
36430
36432
36436
36440
36444
36448
36450
36452
36454
36456
36458
36460
36462
36464
36466
36470
36474
36476
36478
36482
36484
36486
36488
36490
36492
36420
36422
36424
36426
36428
36430
36432
36436
36440
36444
36448
36450
36452
36454
36456
36458
36460
36462
36464
36466
36470
36474
36476
36478
36482
36484
36486
36488
36490
36492
36420
36422
36424
36426
36428
36430
36432
36436
36440
36444
36448
36450
36452
36454
36456
36458
36460
36462
36464
36466
36470
36474
36476
36478
36482
36484
36486
36488
36490
36492
36420
36422
36424
36426
36428
36430
36432
36436
36440
36444
36448
36450
36452
36454
36456
36458
36460
36462
36464
36466
36470
36474
36476
36478
36482
36484
36486
36488
36490
36492
36420
36422
36424
36426
36428
36430
36432
36436
36440
36444
36448
36450
36452
36454
36456
36458
36460
36462
36464
36466
36470
36474
36476
36478
36482
36484
36486
36488
36490
36492
36420
36422
36424
36426
36428
36430
36432
36436
36440
36444
36448
36450
36452
36454
36456
36458
36460
36462
36464
36466
36470
36474
36476
36478
36482
36484
36486
36488
36490
36492
36420
36422
36424
36426
36428
36430
36432
36436
36440
36444
36448
36450
36452
36454
36456
36458
36460
36462
36464
36466
36470
36474
36476
36478
36482
36484
36486
36488
36490
36492
36420
36422
36424
36426
36428
36430
36432
36436
36440
36444
36448
36450
36452
36454
36456
36458
36460
36462
36464
36466
36470
36474
36476
36478
36482
36484
36486
36488
36490
36492
36420
36422
36424
36426
36428
36430
36432
36436
36440
36444
36448
36450
36452
36454
36456
36458
36460
36462
36464
36466
36470
36474
36476
36478
36482
36484
36486
36488
36490
36492
36420
36422
36424
36426
36428
36430
36432
36436
36440
36444
36448
36450
36452
36454
36456
36458
36460
36462
36464
36466
36470
36474
36476
36478
36482
36484
36486
36488
36490
36492
36420
36422
36424
36426
36428
36430
36432
36436
36440
36444
36448
36450
36452
36454
36456
36458
36460
36462
36464
36466
36470
36474
36476
36478
36482
36484
36486
36488
36490
36492
36420
36422
36424
36426
36428
36430
36432
36436
36440
36444
36448
36450
36452
36454
36456
36458
36460
36462
36464
36466
36470
36474
36476
36478
36482
36484
36486
36488
36490
36492
36420
36422
36424
36426
36428
36430
36432
36436
36440
36444
36448
36450
36452
36454
36456
36458
36460
36462
36464
36466
36470
36474
36476
36478
36482
36484
36486
36488
36490
36492
36420
36422
36424
36426
36428
36430
36432
36436
36440
36444
36448
36450
36452
36454
36456
36458
36460
36462
36464
36466
36470
36474
36476
36478
36482
36484
36486
36488
36490
36492
36420
36422
36424
36426
36428
36430
36432
36436
36440
36444
36448
36450
36452
36454
36456
36458
36460
36462
36464
36466
36470
36474
36476
36478
36482
36484
36486
36488
36490
36492
36420
36422
36424
36426
36428
36430
36432
36436
36440
36444
36448
36450
36452
36454
36456
36458
36460
36462
36464
36466
36470
36474
36476
36478
36482
36484
36486
36488
36490
36492
36420
36422
36424
36426
36428
36430
36432
36436
36440
36444
36448
36450
36452
36454
36456
36458
36460
36462
36464
36466
36470
36474
36476
36478
36482
36484
36486
36488
36490
36492
36420
36422
36424
36426
36428
36430
36432
36436
36440
36444
36448
36450
36452
36454
36456
36458
36460
36462
36464
36466
36470
36474
36476
36478
36482
36484
36486
36488
36490
36492
36420
36422
36424
36426
36428
36430
36432
36436
36440
36444
36448
36450
36452
36454
36456
36458
36460
36462
36464
36466
36470
36474
36476
36478
36482
36484
36486
36488
36490
36492
36420
36422
36424
36426
36428
36430
36432
36436
36440
36444
36448
36450
36452
36454
36456
36458
36460
36462
36464
36466
36470
36474
36476
36478
36482
36484
36486
36488
36490
36492
36420
36422
36424
36426
36428
36430
36432
36436
36440
36444
36448
36450
36452
36454
36456
36458
36460
36462
36464
36466
36470
36474
36476
36478
36482
36484
36486
36488
36490
36492
36420
36422
36424
36426
36428
36430
36432
36436
36440
36444
36448
36450
36452
36454
36456
36458
36460
36462
36464
36466
36470
36474
36476
36478
36482
36484
36486
36488
36490
36492
36420
36422
36424
36426
36428
36430
36432
36436
36440
36444
36448
36450
36452
36454
36456
36458
36460
36462
36464
36466
36470
36474
36476
36478
36482
36484
36486
36488
36490
36492
36420
36422
36424
36426
36428
36430
36432
36436
36440
36444
36448
36450
36452
36454
36456
36458
36460
36462
36464
36466
36470
36474
36476
36478
36482
36484
36486
36488
36490
36492
36420
36422
36424
36426
36428
36430
36432
36436
36440
36444
36448
36450
36452
36454
36456
36458
36460
36462
36464
36466
36470
36474
36476
36478
36482
36484
36486
36488
36490
36492
36420
36422
36424
36426
36428
36430
36432
36436
36440
36444
36448
36450
36452
36454
36456
36458
36460
36462
36464
36466
36470
36474
36476
36478
36482
36484
36486
36488
36490
36492
36420
36422
36424
36426
36428
36430
36432
36436
36440
36444
36448
36450
36452
36454
36456
36458
36460
36462
36464
36466
36470
36474
36476
36478
36482
36484
36486
36488
36490
36492
36420
36422
36424
36426
36428
36430
36432
36436
36440
36444
36448
36450
36452
36454
36456
36458
36460
36462
36464
36466
36470
36474
36476
36478
36482
36484
36486
36488
36490
36492
36420
36422
36424
36426
36428
36430
36432
36436
36440
36444
36448
36450
36452
36454
36456
36458
36460
36462
36464
36466
36470
36474
36476
36478
36482
36484
36486
36488
36490
36492
36420
36422
36424
36426
36428
36430
36432
36436
36440
36444
36448
36450
36452
36454
36456
36458
36460
36462
36464
36466
36470
36474
36476
36478
36482
36484
36486
36488
36490
36492
36420
36422
36424
36426
36428
36430
36432
36436
36440
36444
36448
36450
36452
36454
36456
36458
36460
36462
36464
36466
36470
36474
36476
36478
36482
36484
36486
36488
36490
36492
36420
36422
36424
36426
36428
36430
36432
36436
36440
36444
36448
36450
36452
36454
36456
36458
36460
36462
36464
36466
36470
36474
36476
36478
36482
36484
36486
36488
36490
36492
36420
36422
36424
36426
36428
36430
36432
36436
36440
36444
36448
36450
36452
36454
36456
36458
36460
36462
36464
36466
36470
36474
36476
36478
36482
36484
36486
36488
36490
36492
36420
36422
36424
36426
36428
36430
36432
36436
36440
36444
36448
36450
36452
36454
36456
36458
36460
36462
36464
36466
36470
36474
36476
36478
36482
36484
36486
36488
36490
36492
36420
36422
36424
36426
36428
36430
36432
36436
36440
36444
36448
36450
36452
36454
36456
36458
36460
36462
36464
36466
36470
36474
36476
36478
36482
36484
36486
36488
36490
36492
36420
36422
36424
36426
36428
36430
36432
36436
36440
36444
36448
36450
36452
36454
36456
36458
36460
36462
36464
36466
36470
36474
36476
36478
36482
36484
36486
36488
36490
36492
36494
35272
35274
35276
35278
35282
35286
35288
35290
35292
35826
35828
35830
35294
35296
35298
35300
35302
35304
35306
35308
35310
35312
35314
35316
35318
35320
35322
35324
35326
35328
35330
35332
35334
35336
35338
35340
35342
35344
35346
35348
35350
35352
35354
35356
35358
35360
35362
35364
35366
35368
35370
35372
35374
35376
35378
35380
35382
35384
35386
35388
35390
35392
35394
35396
35398
35400
35402
35404
35406
35408
35410
35412
35414
35416
35418
35420
35422
35424
35426
35428
35430
35432
35434
35436
35438
35440
35442
35444
35446
35448
35450
35452
35454
35456
35458
35460
35462
35464
35466
35468
35470
35472
35474
35476
35478
35480
35482
35486
35490
35492
35494
35496
35498
35502
35506
35508
35510
35514
35516
35518
35520
35524
35526
35530
35534
35538
35540
35542
35546
35548
35550
35552
35554
35556
35558
35560
35562
35564
35566
35568
35570
35572
35574
35576
35578
35580
35582
35584
35586
35588
35592
35596
35598
35600
35604
35608
35610
35612
35616
35620
35622
35624
35628
35632
35634
35636
35640
35644
35646
35648
35652
35656
35660
35662
35664
35668
35672
35676
35678
35680
35684
35688
35692
35694
35696
35700
35704
35708
35710
35712
35714
35716
35718
35720
35722
35724
35726
35728
35730
35732
35734
35736
35738
35740
35744
35746
35748
35750
35752
35754
35756
35758
35760
35762
35766
35768
35770
35772
35774
35776
35778
35780
35782
35784
35788
35790
35792
35794
35796
35798
35800
35802
35804
35806
35810
35812
35814
35816
35818
35820
35822
35824
35826
35828
35830
35294
35296
35298
35300
35302
35304
35306
35308
35310
35312
35314
35316
35318
35320
35322
35324
35326
35328
35330
35332
35334
35336
35338
35340
35342
35344
35346
35348
35350
35352
35354
35356
35358
35360
35362
35364
35366
35368
35370
35372
35374
35376
35378
35380
35382
35384
35386
35388
35390
35392
35394
35396
35398
35400
35402
35404
35406
35408
35410
35412
35414
35416
35418
35420
35422
35424
35426
35428
35430
35432
35434
35436
35438
35440
35442
35444
35446
35448
35450
35452
35454
35456
35458
35460
35462
35464
35466
35468
35470
35472
35474
35476
35478
35480
35482
35486
35490
35492
35494
35496
35498
35502
35506
35508
35510
35514
35516
35518
35520
35524
35526
35530
35534
35538
35540
35542
35546
35548
35550
35552
35554
35556
35558
35560
35562
35564
35566
35568
35570
35572
35574
35576
35578
35580
35582
35584
35586
35588
35592
35596
35598
35600
35604
35608
35610
35612
35616
35620
35622
35624
35628
35632
35634
35636
35640
35644
35646
35648
35652
35656
35660
35662
35664
35668
35672
35676
35678
35680
35684
35688
35692
35694
35696
35700
35704
35708
35710
35712
35714
35716
35718
35720
35722
35724
35726
35728
35730
35732
35734
35736
35738
35740
35744
35746
35748
35750
35752
35754
35756
35758
35760
35762
35766
35768
35770
35772
35774
35776
35778
35780
35782
35784
35788
35790
35792
35794
35796
35798
35800
35802
35804
35806
35810
35812
35814
35816
35818
35820
35822
35824
35826
35828
35830
35294
35296
35298
35300
35302
35304
35306
35308
35310
35312
35314
35316
35318
35320
35322
35324
35326
35328
35330
35332
35334
35336
35338
35340
35342
35344
35346
35348
35350
35352
35354
35356
35358
35360
35362
35364
35366
35368
35370
35372
35374
35376
35378
35380
35382
35384
35386
35388
35390
35392
35394
35396
35398
35400
35402
35404
35406
35408
35410
35412
35414
35416
35418
35420
35422
35424
35426
35428
35430
35432
35434
35436
35438
35440
35442
35444
35446
35448
35450
35452
35454
35456
35458
35460
35462
35464
35466
35468
35470
35472
35474
35476
35478
35480
35482
35486
35490
35492
35494
35496
35498
35502
35506
35508
35510
35514
35516
35518
35520
35524
35526
35530
35534
35538
35540
35542
35546
35548
35550
35552
35554
35556
35558
35560
35562
35564
35566
35568
35570
35572
35574
35576
35578
35580
35582
35584
35586
35588
35592
35596
35598
35600
35604
35608
35610
35612
35616
35620
35622
35624
35628
35632
35634
35636
35640
35644
35646
35648
35652
35656
35660
35662
35664
35668
35672
35676
35678
35680
35684
35688
35692
35694
35696
35700
35704
35708
35710
35712
35714
35716
35718
35720
35722
35724
35726
35728
35730
35732
35734
35736
35738
35740
35744
35746
35748
35750
35752
35754
35756
35758
35760
35762
35766
35768
35770
35772
35774
35776
35778
35780
35782
35784
35788
35790
35792
35794
35796
35798
35800
35802
35804
35806
35810
35812
35814
35816
35818
35820
35822
35824
35826
35828
35830
35294
35296
35298
35300
35302
35304
35306
35308
35310
35312
35314
35316
35318
35320
35322
35324
35326
35328
35330
35332
35334
35336
35338
35340
35342
35344
35346
35348
35350
35352
35354
35356
35358
35360
35362
35364
35366
35368
35370
35372
35374
35376
35378
35380
35382
35384
35386
35388
35390
35392
35394
35396
35398
35400
35402
35404
35406
35408
35410
35412
35414
35416
35418
35420
35422
35424
35426
35428
35430
35432
35434
35436
35438
35440
35442
35444
35446
35448
35450
35452
35454
35456
35458
35460
35462
35464
35466
35468
35470
35472
35474
35476
35478
35480
35482
35486
35490
35492
35494
35496
35498
35502
35506
35508
35510
35514
35516
35518
35520
35524
35526
35530
35534
35538
35540
35542
35546
35548
35550
35552
35554
35556
35558
35560
35562
35564
35566
35568
35570
35572
35574
35576
35578
35580
35582
35584
35586
35588
35592
35596
35598
35600
35604
35608
35610
35612
35616
35620
35622
35624
35628
35632
35634
35636
35640
35644
35646
35648
35652
35656
35660
35662
35664
35668
35672
35676
35678
35680
35684
35688
35692
35694
35696
35700
35704
35708
35710
35712
35714
35716
35718
35720
35722
35724
35726
35728
35730
35732
35734
35736
35738
35740
35744
35746
35748
35750
35752
35754
35756
35758
35760
35762
35766
35768
35770
35772
35774
35776
35778
35780
35782
35784
35788
35790
35792
35794
35796
35798
35800
35802
35804
35806
35810
35812
35814
35816
35818
35820
35822
35824
35826
35828
35830
35294
35296
35298
35300
35302
35304
35306
35308
35310
35312
35314
35316
35318
35320
35322
35324
35326
35328
35330
35332
35334
35336
35338
35340
35342
35344
35346
35348
35350
35352
35354
35356
35358
35360
35362
35364
35366
35368
35370
35372
35374
35376
35378
35380
35382
35384
35386
35388
35390
35392
35394
35396
35398
35400
35402
35404
35406
35408
35410
35412
35414
35416
35418
35420
35422
35424
35426
35428
35430
35432
35434
35436
35438
35440
35442
35444
35446
35448
35450
35452
35454
35456
35458
35460
35462
35464
35466
35468
35470
35472
35474
35476
35478
35480
35482
35486
35490
35492
35494
35496
35498
35502
35506
35508
35510
35514
35516
35518
35520
35524
35526
35530
35534
35538
35540
35542
35546
35548
35550
35552
35554
35556
35558
35560
35562
35564
35566
35568
35570
35572
35574
35576
35578
35580
35582
35584
35586
35588
35592
35596
35598
35600
35604
35608
35610
35612
35616
35620
35622
35624
35628
35632
35634
35636
35640
35644
35646
35648
35652
35656
35660
35662
35664
35668
35672
35676
35678
35680
35684
35688
35692
35694
35696
35700
35704
35708
35710
35712
35714
35716
35718
35720
35722
35724
35726
35728
35730
35732
35734
35736
35738
35740
35744
35746
35748
35750
35752
35754
35756
35758
35760
35762
35766
35768
35770
35772
35774
35776
35778
35780
35782
35784
35788
35790
35792
35794
35796
35798
35800
35802
35804
35806
35810
35812
35814
35816
35818
35820
35822
35824
35826
35828
35830
35294
35296
35298
35300
35302
35304
35306
35308
35310
35312
35314
35316
35318
35320
35322
35324
35326
35328
35330
35332
35334
35336
35338
35340
35342
35344
35346
35348
35350
35352
35354
35356
35358
35360
35362
35364
35366
35368
35370
35372
35374
35376
35378
35380
35382
35384
35386
35388
35390
35392
35394
35396
35398
35400
35402
35404
35406
35408
35410
35412
35414
35416
35418
35420
35422
35424
35426
35428
35430
35432
35434
35436
35438
35440
35442
35444
35446
35448
35450
35452
35454
35456
35458
35460
35462
35464
35466
35468
35470
35472
35474
35476
35478
35480
35482
35486
35490
35492
35494
35496
35498
35502
35506
35508
35510
35514
35516
35518
35520
35524
35526
35530
35534
35538
35540
35542
35546
35548
35550
35552
35554
35556
35558
35560
35562
35564
35566
35568
35570
35572
35574
35576
35578
35580
35582
35584
35586
35588
35592
35596
35598
35600
35604
35608
35610
35612
35616
35620
35622
35624
35628
35632
35634
35636
35640
35644
35646
35648
35652
35656
35660
35662
35664
35668
35672
35676
35678
35680
35684
35688
35692
35694
35696
35700
35704
35708
35710
35712
35714
35716
35718
35720
35722
35724
35726
35728
35730
35732
35734
35736
35738
35740
35744
35746
35748
35750
35752
35754
35756
35758
35760
35762
35766
35768
35770
35772
35774
35776
35778
35780
35782
35784
35788
35790
35792
35794
35796
35798
35800
35802
35804
35806
35810
35812
35814
35816
35818
35820
35822
35824
35826
35828
35830
35294
35296
35298
35300
35302
35304
35306
35308
35310
35312
35314
35316
35318
35320
35322
35324
35326
35328
35330
35332
35334
35336
35338
35340
35342
35344
35346
35348
35350
35352
35354
35356
35358
35360
35362
35364
35366
35368
35370
35372
35374
35376
35378
35380
35382
35384
35386
35388
35390
35392
35394
35396
35398
35400
35402
35404
35406
35408
35410
35412
35414
35416
35418
35420
35422
35424
35426
35428
35430
35432
35434
35436
35438
35440
35442
35444
35446
35448
35450
35452
35454
35456
35458
35460
35462
35464
35466
35468
35470
35472
35474
35476
35478
35480
35482
35486
35490
35492
35494
35496
35498
35502
35506
35508
35510
35514
35516
35518
35520
35524
35526
35530
35534
35538
35540
35542
35546
35548
35550
35552
35554
35556
35558
35560
35562
35564
35566
35568
35570
35572
35574
35576
35578
35580
35582
35584
35586
35588
35592
35596
35598
35600
35604
35608
35610
35612
35616
35620
35622
35624
35628
35632
35634
35636
35640
35644
35646
35648
35652
35656
35660
35662
35664
35668
35672
35676
35678
35680
35684
35688
35692
35694
35696
35700
35704
35708
35710
35712
35714
35716
35718
35720
35722
35724
35726
35728
35730
35732
35734
35736
35738
35740
35744
35746
35748
35750
35752
35754
35756
35758
35760
35762
35766
35768
35770
35772
35774
35776
35778
35780
35782
35784
35788
35790
35792
35794
35796
35798
35800
35802
35804
35806
35810
35812
35814
35816
35818
35820
35822
35824
35826
35828
35830
35294
35296
35298
35300
35302
35304
35306
35308
35310
35312
35314
35316
35318
35320
35322
35324
35326
35328
35330
35332
35334
35336
35338
35340
35342
35344
35346
35348
35350
35352
35354
35356
35358
35360
35362
35364
35366
35368
35370
35372
35374
35376
35378
35380
35382
35384
35386
35388
35390
35392
35394
35396
35398
35400
35402
35404
35406
35408
35410
35412
35414
35416
35418
35420
35422
35424
35426
35428
35430
35432
35434
35436
35438
35440
35442
35444
35446
35448
35450
35452
35454
35456
35458
35460
35462
35464
35466
35468
35470
35472
35474
35476
35478
35480
35482
35486
35490
35492
35494
35496
35498
35502
35506
35508
35510
35514
35516
35518
35520
35524
35526
35530
35534
35538
35540
35542
35546
35548
35550
35552
35554
35556
35558
35560
35562
35564
35566
35568
35570
35572
35574
35576
35578
35580
35582
35584
35586
35588
35592
35596
35598
35600
35604
35608
35610
35612
35616
35620
35622
35624
35628
35632
35634
35636
35640
35644
35646
35648
35652
35656
35660
35662
35664
35668
35672
35676
35678
35680
35684
35688
35692
35694
35696
35700
35704
35708
35710
35712
35714
35716
35718
35720
35722
35724
35726
35728
35730
35732
35734
35736
35738
35740
35744
35746
35748
35750
35752
35754
35756
35758
35760
35762
35766
35768
35770
35772
35774
35776
35778
35780
35782
35784
35788
35790
35792
35794
35796
35798
35800
35802
35804
35806
35810
35812
35814
35816
35818
35820
35822
35824
35826
35828
35830
35834
35838
35842
35844
35846
35848
36386
36388
36390
35850
35852
35854
35856
35858
35860
35862
35864
35866
35868
35870
35872
35874
35876
35878
35880
35882
35884
35886
35888
35890
35892
35894
35896
35898
35900
35902
35904
35906
35908
35910
35912
35914
35916
35918
35920
35922
35924
35926
35928
35930
35932
35934
35936
35938
35940
35942
35944
35946
35948
35950
35952
35954
35956
35958
35960
35962
35964
35966
35968
35970
35972
35974
35976
35978
35980
35982
35984
35986
35988
35990
35992
35994
35996
35998
36000
36002
36004
36006
36008
36010
36012
36014
36016
36018
36020
36022
36024
36026
36028
36030
36032
36034
36036
36038
36040
36042
36046
36050
36052
36054
36056
36058
36062
36066
36068
36070
36074
36076
36078
36080
36084
36086
36090
36094
36098
36100
36102
36106
36108
36110
36112
36114
36116
36118
36120
36122
36124
36126
36128
36130
36132
36134
36136
36138
36140
36142
36144
36146
36148
36152
36156
36158
36160
36164
36168
36170
36172
36176
36180
36182
36184
36188
36192
36194
36196
36200
36204
36206
36208
36212
36216
36220
36222
36224
36228
36232
36236
36238
36240
36244
36248
36252
36254
36256
36260
36264
36268
36270
36272
36274
36276
36278
36280
36282
36284
36286
36288
36290
36292
36294
36296
36298
36300
36304
36306
36308
36310
36312
36314
36316
36318
36320
36322
36326
36328
36330
36332
36334
36336
36338
36340
36342
36344
36348
36350
36352
36354
36356
36358
36360
36362
36364
36366
36370
36372
36374
36376
36378
36380
36382
36384
36386
36388
36390
35850
35852
35854
35856
35858
35860
35862
35864
35866
35868
35870
35872
35874
35876
35878
35880
35882
35884
35886
35888
35890
35892
35894
35896
35898
35900
35902
35904
35906
35908
35910
35912
35914
35916
35918
35920
35922
35924
35926
35928
35930
35932
35934
35936
35938
35940
35942
35944
35946
35948
35950
35952
35954
35956
35958
35960
35962
35964
35966
35968
35970
35972
35974
35976
35978
35980
35982
35984
35986
35988
35990
35992
35994
35996
35998
36000
36002
36004
36006
36008
36010
36012
36014
36016
36018
36020
36022
36024
36026
36028
36030
36032
36034
36036
36038
36040
36042
36046
36050
36052
36054
36056
36058
36062
36066
36068
36070
36074
36076
36078
36080
36084
36086
36090
36094
36098
36100
36102
36106
36108
36110
36112
36114
36116
36118
36120
36122
36124
36126
36128
36130
36132
36134
36136
36138
36140
36142
36144
36146
36148
36152
36156
36158
36160
36164
36168
36170
36172
36176
36180
36182
36184
36188
36192
36194
36196
36200
36204
36206
36208
36212
36216
36220
36222
36224
36228
36232
36236
36238
36240
36244
36248
36252
36254
36256
36260
36264
36268
36270
36272
36274
36276
36278
36280
36282
36284
36286
36288
36290
36292
36294
36296
36298
36300
36304
36306
36308
36310
36312
36314
36316
36318
36320
36322
36326
36328
36330
36332
36334
36336
36338
36340
36342
36344
36348
36350
36352
36354
36356
36358
36360
36362
36364
36366
36370
36372
36374
36376
36378
36380
36382
36384
36386
36388
36390
35850
35852
35854
35856
35858
35860
35862
35864
35866
35868
35870
35872
35874
35876
35878
35880
35882
35884
35886
35888
35890
35892
35894
35896
35898
35900
35902
35904
35906
35908
35910
35912
35914
35916
35918
35920
35922
35924
35926
35928
35930
35932
35934
35936
35938
35940
35942
35944
35946
35948
35950
35952
35954
35956
35958
35960
35962
35964
35966
35968
35970
35972
35974
35976
35978
35980
35982
35984
35986
35988
35990
35992
35994
35996
35998
36000
36002
36004
36006
36008
36010
36012
36014
36016
36018
36020
36022
36024
36026
36028
36030
36032
36034
36036
36038
36040
36042
36046
36050
36052
36054
36056
36058
36062
36066
36068
36070
36074
36076
36078
36080
36084
36086
36090
36094
36098
36100
36102
36106
36108
36110
36112
36114
36116
36118
36120
36122
36124
36126
36128
36130
36132
36134
36136
36138
36140
36142
36144
36146
36148
36152
36156
36158
36160
36164
36168
36170
36172
36176
36180
36182
36184
36188
36192
36194
36196
36200
36204
36206
36208
36212
36216
36220
36222
36224
36228
36232
36236
36238
36240
36244
36248
36252
36254
36256
36260
36264
36268
36270
36272
36274
36276
36278
36280
36282
36284
36286
36288
36290
36292
36294
36296
36298
36300
36304
36306
36308
36310
36312
36314
36316
36318
36320
36322
36326
36328
36330
36332
36334
36336
36338
36340
36342
36344
36348
36350
36352
36354
36356
36358
36360
36362
36364
36366
36370
36372
36374
36376
36378
36380
36382
36384
36386
36388
36390
35850
35852
35854
35856
35858
35860
35862
35864
35866
35868
35870
35872
35874
35876
35878
35880
35882
35884
35886
35888
35890
35892
35894
35896
35898
35900
35902
35904
35906
35908
35910
35912
35914
35916
35918
35920
35922
35924
35926
35928
35930
35932
35934
35936
35938
35940
35942
35944
35946
35948
35950
35952
35954
35956
35958
35960
35962
35964
35966
35968
35970
35972
35974
35976
35978
35980
35982
35984
35986
35988
35990
35992
35994
35996
35998
36000
36002
36004
36006
36008
36010
36012
36014
36016
36018
36020
36022
36024
36026
36028
36030
36032
36034
36036
36038
36040
36042
36046
36050
36052
36054
36056
36058
36062
36066
36068
36070
36074
36076
36078
36080
36084
36086
36090
36094
36098
36100
36102
36106
36108
36110
36112
36114
36116
36118
36120
36122
36124
36126
36128
36130
36132
36134
36136
36138
36140
36142
36144
36146
36148
36152
36156
36158
36160
36164
36168
36170
36172
36176
36180
36182
36184
36188
36192
36194
36196
36200
36204
36206
36208
36212
36216
36220
36222
36224
36228
36232
36236
36238
36240
36244
36248
36252
36254
36256
36260
36264
36268
36270
36272
36274
36276
36278
36280
36282
36284
36286
36288
36290
36292
36294
36296
36298
36300
36304
36306
36308
36310
36312
36314
36316
36318
36320
36322
36326
36328
36330
36332
36334
36336
36338
36340
36342
36344
36348
36350
36352
36354
36356
36358
36360
36362
36364
36366
36370
36372
36374
36376
36378
36380
36382
36384
36386
36388
36390
35850
35852
35854
35856
35858
35860
35862
35864
35866
35868
35870
35872
35874
35876
35878
35880
35882
35884
35886
35888
35890
35892
35894
35896
35898
35900
35902
35904
35906
35908
35910
35912
35914
35916
35918
35920
35922
35924
35926
35928
35930
35932
35934
35936
35938
35940
35942
35944
35946
35948
35950
35952
35954
35956
35958
35960
35962
35964
35966
35968
35970
35972
35974
35976
35978
35980
35982
35984
35986
35988
35990
35992
35994
35996
35998
36000
36002
36004
36006
36008
36010
36012
36014
36016
36018
36020
36022
36024
36026
36028
36030
36032
36034
36036
36038
36040
36042
36046
36050
36052
36054
36056
36058
36062
36066
36068
36070
36074
36076
36078
36080
36084
36086
36090
36094
36098
36100
36102
36106
36108
36110
36112
36114
36116
36118
36120
36122
36124
36126
36128
36130
36132
36134
36136
36138
36140
36142
36144
36146
36148
36152
36156
36158
36160
36164
36168
36170
36172
36176
36180
36182
36184
36188
36192
36194
36196
36200
36204
36206
36208
36212
36216
36220
36222
36224
36228
36232
36236
36238
36240
36244
36248
36252
36254
36256
36260
36264
36268
36270
36272
36274
36276
36278
36280
36282
36284
36286
36288
36290
36292
36294
36296
36298
36300
36304
36306
36308
36310
36312
36314
36316
36318
36320
36322
36326
36328
36330
36332
36334
36336
36338
36340
36342
36344
36348
36350
36352
36354
36356
36358
36360
36362
36364
36366
36370
36372
36374
36376
36378
36380
36382
36384
36386
36388
36390
35850
35852
35854
35856
35858
35860
35862
35864
35866
35868
35870
35872
35874
35876
35878
35880
35882
35884
35886
35888
35890
35892
35894
35896
35898
35900
35902
35904
35906
35908
35910
35912
35914
35916
35918
35920
35922
35924
35926
35928
35930
35932
35934
35936
35938
35940
35942
35944
35946
35948
35950
35952
35954
35956
35958
35960
35962
35964
35966
35968
35970
35972
35974
35976
35978
35980
35982
35984
35986
35988
35990
35992
35994
35996
35998
36000
36002
36004
36006
36008
36010
36012
36014
36016
36018
36020
36022
36024
36026
36028
36030
36032
36034
36036
36038
36040
36042
36046
36050
36052
36054
36056
36058
36062
36066
36068
36070
36074
36076
36078
36080
36084
36086
36090
36094
36098
36100
36102
36106
36108
36110
36112
36114
36116
36118
36120
36122
36124
36126
36128
36130
36132
36134
36136
36138
36140
36142
36144
36146
36148
36152
36156
36158
36160
36164
36168
36170
36172
36176
36180
36182
36184
36188
36192
36194
36196
36200
36204
36206
36208
36212
36216
36220
36222
36224
36228
36232
36236
36238
36240
36244
36248
36252
36254
36256
36260
36264
36268
36270
36272
36274
36276
36278
36280
36282
36284
36286
36288
36290
36292
36294
36296
36298
36300
36304
36306
36308
36310
36312
36314
36316
36318
36320
36322
36326
36328
36330
36332
36334
36336
36338
36340
36342
36344
36348
36350
36352
36354
36356
36358
36360
36362
36364
36366
36370
36372
36374
36376
36378
36380
36382
36384
36386
36388
36390
35850
35852
35854
35856
35858
35860
35862
35864
35866
35868
35870
35872
35874
35876
35878
35880
35882
35884
35886
35888
35890
35892
35894
35896
35898
35900
35902
35904
35906
35908
35910
35912
35914
35916
35918
35920
35922
35924
35926
35928
35930
35932
35934
35936
35938
35940
35942
35944
35946
35948
35950
35952
35954
35956
35958
35960
35962
35964
35966
35968
35970
35972
35974
35976
35978
35980
35982
35984
35986
35988
35990
35992
35994
35996
35998
36000
36002
36004
36006
36008
36010
36012
36014
36016
36018
36020
36022
36024
36026
36028
36030
36032
36034
36036
36038
36040
36042
36046
36050
36052
36054
36056
36058
36062
36066
36068
36070
36074
36076
36078
36080
36084
36086
36090
36094
36098
36100
36102
36106
36108
36110
36112
36114
36116
36118
36120
36122
36124
36126
36128
36130
36132
36134
36136
36138
36140
36142
36144
36146
36148
36152
36156
36158
36160
36164
36168
36170
36172
36176
36180
36182
36184
36188
36192
36194
36196
36200
36204
36206
36208
36212
36216
36220
36222
36224
36228
36232
36236
36238
36240
36244
36248
36252
36254
36256
36260
36264
36268
36270
36272
36274
36276
36278
36280
36282
36284
36286
36288
36290
36292
36294
36296
36298
36300
36304
36306
36308
36310
36312
36314
36316
36318
36320
36322
36326
36328
36330
36332
36334
36336
36338
36340
36342
36344
36348
36350
36352
36354
36356
36358
36360
36362
36364
36366
36370
36372
36374
36376
36378
36380
36382
36384
36386
36388
36390
35850
35852
35854
35856
35858
35860
35862
35864
35866
35868
35870
35872
35874
35876
35878
35880
35882
35884
35886
35888
35890
35892
35894
35896
35898
35900
35902
35904
35906
35908
35910
35912
35914
35916
35918
35920
35922
35924
35926
35928
35930
35932
35934
35936
35938
35940
35942
35944
35946
35948
35950
35952
35954
35956
35958
35960
35962
35964
35966
35968
35970
35972
35974
35976
35978
35980
35982
35984
35986
35988
35990
35992
35994
35996
35998
36000
36002
36004
36006
36008
36010
36012
36014
36016
36018
36020
36022
36024
36026
36028
36030
36032
36034
36036
36038
36040
36042
36046
36050
36052
36054
36056
36058
36062
36066
36068
36070
36074
36076
36078
36080
36084
36086
36090
36094
36098
36100
36102
36106
36108
36110
36112
36114
36116
36118
36120
36122
36124
36126
36128
36130
36132
36134
36136
36138
36140
36142
36144
36146
36148
36152
36156
36158
36160
36164
36168
36170
36172
36176
36180
36182
36184
36188
36192
36194
36196
36200
36204
36206
36208
36212
36216
36220
36222
36224
36228
36232
36236
36238
36240
36244
36248
36252
36254
36256
36260
36264
36268
36270
36272
36274
36276
36278
36280
36282
36284
36286
36288
36290
36292
36294
36296
36298
36300
36304
36306
36308
36310
36312
36314
36316
36318
36320
36322
36326
36328
36330
36332
36334
36336
36338
36340
36342
36344
36348
36350
36352
36354
36356
36358
36360
36362
36364
36366
36370
36372
36374
36376
36378
36380
36382
36384
36386
36388
36390
36394
36396
36398
36402
36498
36500
36502
