35440
35442
35444
35446
35448
35450
35452
35454
35510
35512
35514
35516
35456
35460
35464
35466
35468
35470
35472
35474
35476
35480
35482
35484
35486
35272
35274
35276
35278
35280
35282
35284
35286
35288
35290
35360
35362
35426
35428
35430
35432
35436
35490
35492
35494
35498
35502
35504
35506
35508
35510
35512
35514
35516
35456
35460
35464
35466
35468
35470
35472
35474
35476
35480
35482
35484
35486
35272
35274
35276
35278
35280
35282
35284
35286
35288
35290
35360
35362
35426
35428
35430
35432
35436
35490
35492
35494
35498
35502
35504
35506
35508
35510
35512
35514
35516
35456
35460
35464
35466
35468
35470
35472
35474
35476
35480
35482
35484
35486
35272
35274
35276
35278
35280
35282
35284
35286
35288
35290
35360
35362
35426
35428
35430
35432
35436
35490
35492
35494
35498
35502
35504
35506
35508
35510
35512
35514
35516
35456
35460
35464
35466
35468
35470
35472
35474
35476
35480
35482
35484
35486
35272
35274
35276
35278
35280
35282
35284
35286
35288
35290
35360
35362
35426
35428
35430
35432
35436
35490
35492
35494
35498
35502
35504
35506
35508
35510
35512
35514
35516
35456
35460
35464
35466
35468
35470
35472
35474
35476
35480
35482
35484
35486
35272
35274
35276
35278
35280
35282
35284
35286
35288
35290
35360
35362
35426
35428
35430
35432
35436
35490
35492
35494
35498
35502
35504
35506
35508
35510
35512
35514
35516
35456
35460
35464
35466
35468
35470
35472
35504
35506
35508
35510
35512
35514
35516
35456
35460
35464
35466
35468
35470
35472
35504
35506
35508
35510
35512
35514
35516
35456
35460
35464
35466
35468
35470
35472
35504
35506
35508
35510
35512
35514
35516
35456
35460
35464
35466
35468
35470
35472
35504
35506
35508
35510
35512
35514
35516
35456
35460
35464
35466
35468
35470
35472
35504
35506
35508
35510
35512
35514
35516
35518
35520
35522
35524
35526
