3204447648
3204447652
3204447644
3204447640
3204447640
3204447644
449729
3204447639
3204447640
3204447639
3204447639
3204447639
3204447628
3204447623
3204447623
35296
3204447628
449728
3204447640
3204447640
3204447640
3204447644
449729
3204447639
3204447640
3204447639
3204447639
3204447639
3204447628
3204447623
3204447623
35296
3204447628
449728
3204447640
3204447640
3204447640
3204447644
449729
3204447639
3204447640
3204447639
3204447639
3204447639
3204447628
3204447623
3204447623
35296
3204447628
449728
3204447640
3204447640
3204447640
3204447644
449729
3204447639
3204447640
3204447639
3204447639
3204447639
3204447628
3204447623
3204447623
35296
3204447628
449728
3204447640
3204447640
3204447640
3204447644
449729
3204447639
3204447640
3204447639
3204447639
3204447639
3204447628
3204447623
3204447623
35296
3204447628
449728
3204447640
3204447640
3204447640
3204447644
449729
3204447639
3204447640
3204447640
3204447640
3204447640
3204447644
449729
3204447639
3204447640
3204447640
3204447640
3204447640
3204447644
449729
3204447639
3204447640
3204447640
3204447640
3204447640
3204447644
449729
3204447639
3204447640
3204447640
3204447640
3204447640
3204447644
449729
3204447639
3204447640
3204447640
3204447640
3204447640
3204447644
3204447648
