3204447648
3204447652
3204447624
35616
3204447640
3204447616
3204447616
3204447624
3204447632
3204447620
3204447620
3204447624
3204447616
3204447620
3204447616
3204447620
454624
3204447616
3204447620
3204447616
3204447620
454624
3204447616
3204447620
454624
3204447616
3204447620
454624
3204447632
3204447632
3204447620
3204447620
3204447620
3204447624
3204447616
3204447620
3204447616
3204447620
454632
3204447616
3204447620
3204447616
3204447620
454632
3204447632
3204447632
3204447620
3204447620
3204447620
3204447624
3204447616
3204447620
3204447616
3204447620
454640
3204447616
3204447620
3204447616
3204447620
454640
3204447632
3204447632
3204447620
3204447620
3204447620
3204447624
3204447616
3204447620
3204447616
3204447620
454648
3204447616
3204447620
3204447616
3204447620
454648
3204447632
3204447632
3204447620
3204447620
3204447620
3204447624
3204447616
3204447620
3204447616
3204447620
454656
3204447616
3204447620
3204447616
3204447620
454656
3204447632
3204447632
3204447620
3204447620
3204447620
3204447624
3204447616
3204447620
3204447616
3204447620
454664
3204447616
3204447620
3204447616
3204447620
454664
3204447632
3204447632
3204447620
3204447620
3204447620
3204447624
3204447616
3204447632
453824
3204447616
3204447616
3204447616
3204447624
3204447632
3204447620
3204447620
3204447624
3204447616
3204447620
3204447616
3204447620
455024
3204447616
3204447620
3204447616
3204447620
455024
3204447632
3204447632
3204447620
3204447620
3204447620
3204447624
3204447616
3204447620
3204447616
3204447620
455032
3204447616
3204447620
3204447616
3204447620
455032
3204447616
3204447620
455032
3204447616
3204447620
455032
3204447632
3204447632
3204447620
3204447620
3204447620
3204447624
3204447616
3204447620
3204447616
3204447620
455040
3204447616
3204447620
3204447616
3204447620
455040
3204447632
3204447632
3204447620
3204447620
3204447620
3204447624
3204447616
3204447620
3204447616
3204447620
455048
3204447616
3204447620
3204447616
3204447620
455048
3204447632
3204447632
3204447620
3204447620
3204447620
3204447624
3204447616
3204447620
3204447616
3204447620
455056
3204447616
3204447620
3204447616
3204447620
455056
3204447632
3204447632
3204447620
3204447620
3204447620
3204447624
3204447616
3204447620
3204447616
3204447620
455064
3204447616
3204447620
3204447616
3204447620
455064
3204447632
3204447632
3204447620
3204447620
3204447620
3204447624
3204447616
3204447632
453832
3204447616
3204447616
3204447616
3204447624
3204447632
3204447620
3204447620
3204447624
3204447616
3204447620
3204447616
3204447620
455424
3204447616
3204447620
3204447616
3204447620
455424
3204447632
3204447632
3204447620
3204447620
3204447620
3204447624
3204447616
3204447620
3204447616
3204447620
455432
3204447616
3204447620
3204447616
3204447620
455432
3204447632
3204447632
3204447620
3204447620
3204447620
3204447624
3204447616
3204447620
3204447616
3204447620
455440
3204447616
3204447620
3204447616
3204447620
455440
3204447616
3204447620
455440
3204447616
3204447620
455440
3204447632
3204447632
3204447620
3204447620
3204447620
3204447624
3204447616
3204447620
3204447616
3204447620
455448
3204447616
3204447620
3204447616
3204447620
455448
3204447632
3204447632
3204447620
3204447620
3204447620
3204447624
3204447616
3204447620
3204447616
3204447620
455456
3204447616
3204447620
3204447616
3204447620
455456
3204447632
3204447632
3204447620
3204447620
3204447620
3204447624
3204447616
3204447620
3204447616
3204447620
455464
3204447616
3204447620
3204447616
3204447620
455464
3204447632
3204447632
3204447620
3204447620
3204447620
3204447624
3204447616
3204447632
453840
3204447616
3204447616
3204447616
3204447624
3204447632
3204447620
3204447620
3204447624
3204447616
3204447620
3204447616
3204447620
455824
3204447616
3204447620
3204447616
3204447620
455824
3204447632
3204447632
3204447620
3204447620
3204447620
3204447624
3204447616
3204447620
3204447616
3204447620
455832
3204447616
3204447620
3204447616
3204447620
455832
3204447632
3204447632
3204447620
3204447620
3204447620
3204447624
3204447616
3204447620
3204447616
3204447620
455840
3204447616
3204447620
3204447616
3204447620
455840
3204447632
3204447632
3204447620
3204447620
3204447620
3204447624
3204447616
3204447620
3204447616
3204447620
455848
3204447616
3204447620
3204447616
3204447620
455848
3204447616
3204447620
455848
3204447616
3204447620
455848
3204447632
3204447632
3204447620
3204447620
3204447620
3204447624
3204447616
3204447620
3204447616
3204447620
455856
3204447616
3204447620
3204447616
3204447620
455856
3204447632
3204447632
3204447620
3204447620
3204447620
3204447624
3204447616
3204447620
3204447616
3204447620
455864
3204447616
3204447620
3204447616
3204447620
455864
3204447632
3204447632
3204447620
3204447620
3204447620
3204447624
3204447616
3204447632
453848
3204447616
3204447616
3204447616
3204447624
3204447632
3204447620
3204447620
3204447624
3204447616
3204447620
3204447616
3204447620
456224
3204447616
3204447620
3204447616
3204447620
456224
3204447632
3204447632
3204447620
3204447620
3204447620
3204447624
3204447616
3204447620
3204447616
3204447620
456232
3204447616
3204447620
3204447616
3204447620
456232
3204447632
3204447632
3204447620
3204447620
3204447620
3204447624
3204447616
3204447620
3204447616
3204447620
456240
3204447616
3204447620
3204447616
3204447620
456240
3204447632
3204447632
3204447620
3204447620
3204447620
3204447624
3204447616
3204447620
3204447616
3204447620
456248
3204447616
3204447620
3204447616
3204447620
456248
3204447632
3204447632
3204447620
3204447620
3204447620
3204447624
3204447616
3204447620
3204447616
3204447620
456256
3204447616
3204447620
3204447616
3204447620
456256
3204447616
3204447620
456256
3204447616
3204447620
456256
3204447632
3204447632
3204447620
3204447620
3204447620
3204447624
3204447616
3204447620
3204447616
3204447620
456264
3204447616
3204447620
3204447616
3204447620
456264
3204447632
3204447632
3204447620
3204447620
3204447620
3204447624
3204447616
3204447632
453856
3204447616
3204447616
3204447616
3204447624
3204447632
3204447620
3204447620
3204447624
3204447616
3204447620
3204447616
3204447620
456624
3204447616
3204447620
3204447616
3204447620
456624
3204447632
3204447632
3204447620
3204447620
3204447620
3204447624
3204447616
3204447620
3204447616
3204447620
456632
3204447616
3204447620
3204447616
3204447620
456632
3204447632
3204447632
3204447620
3204447620
3204447620
3204447624
3204447616
3204447620
3204447616
3204447620
456640
3204447616
3204447620
3204447616
3204447620
456640
3204447632
3204447632
3204447620
3204447620
3204447620
3204447624
3204447616
3204447620
3204447616
3204447620
456648
3204447616
3204447620
3204447616
3204447620
456648
3204447632
3204447632
3204447620
3204447620
3204447620
3204447624
3204447616
3204447620
3204447616
3204447620
456656
3204447616
3204447620
3204447616
3204447620
456656
3204447632
3204447632
3204447620
3204447620
3204447620
3204447624
3204447616
3204447620
3204447616
3204447620
456664
3204447616
3204447620
3204447616
3204447620
456664
3204447616
3204447620
456664
3204447616
3204447620
456664
3204447632
3204447632
3204447620
3204447620
3204447620
3204447624
3204447616
3204447632
453864
3204447616
3204447616
3204447616
3204447624
3204447624
3204447640
3204447608
3204447612
3204446780
3204446768
3204446780
3204446768
3204446788
3204446788
3204446780
3204446788
454624
3204446764
3204446744
3204446744
3204446744
3204446752
3204446752
3204446764
3204446768
3204446788
3204446792
3204446792
3204446780
3204446792
3204446788
455024
3204446800
3204446788
3204446788
454624
3204446800
3204446792
3204446788
455024
3204446792
3204446792
3204446792
3204446780
3204446792
3204446788
455424
3204446800
3204446788
3204446788
454624
3204446800
3204446792
3204446788
455424
3204446792
3204446792
3204446792
3204446780
3204446792
3204446788
455824
3204446800
3204446788
3204446788
454624
3204446800
3204446792
3204446788
455824
3204446792
3204446792
3204446792
3204446780
3204446792
3204446788
456224
3204446800
3204446788
3204446788
454624
3204446800
3204446792
3204446788
456224
3204446792
3204446792
3204446792
3204446780
3204446792
3204446788
456624
3204446800
3204446788
3204446788
454624
3204446800
3204446792
3204446788
456624
3204446792
3204446792
3204446792
3204446780
3204446788
3204446792
3204446792
3204446780
3204446788
3204446792
455032
3204446800
3204446796
3204446796
3204446788
3204446788
3204446796
455024
3204446796
3204446792
454632
3204446800
3204446800
3204446796
3204446796
3204446796
3204446788
3204446788
3204446792
3204446800
455032
3204446792
3204446792
3204446792
3204446780
3204446788
3204446792
455040
3204446800
3204446796
3204446796
3204446788
3204446788
3204446796
455024
3204446796
3204446792
454640
3204446800
3204446800
3204446796
3204446796
3204446796
3204446788
3204446788
3204446792
3204446800
455040
3204446792
3204446792
3204446792
3204446780
3204446788
3204446792
455048
3204446800
3204446796
3204446796
3204446788
3204446788
3204446796
455024
3204446796
3204446792
454648
3204446800
3204446800
3204446796
3204446796
3204446796
3204446788
3204446788
3204446792
3204446800
455048
3204446792
3204446792
3204446792
3204446780
3204446788
3204446792
455056
3204446800
3204446796
3204446796
3204446788
3204446788
3204446796
455024
3204446796
3204446792
454656
3204446800
3204446800
3204446796
3204446796
3204446796
3204446788
3204446788
3204446792
3204446800
455056
3204446792
3204446792
3204446792
3204446780
3204446788
3204446792
455064
3204446800
3204446796
3204446796
3204446788
3204446788
3204446796
455024
3204446796
3204446792
454664
3204446800
3204446800
3204446796
3204446796
3204446796
3204446788
3204446788
3204446792
3204446800
455064
3204446792
3204446792
3204446792
3204446780
3204446788
3204446788
3204446788
3204446780
3204446788
455032
3204446764
3204446744
3204446744
3204446744
3204446752
3204446752
3204446764
3204446768
3204446788
3204446792
3204446792
3204446780
3204446792
3204446788
455432
3204446800
3204446788
3204446796
3204446796
3204446788
3204446792
3204446796
455424
3204446796
3204446788
454632
3204446800
3204446800
3204446796
3204446796
3204446796
3204446788
3204446788
455032
3204446800
3204446792
3204446788
455432
3204446792
3204446792
3204446792
3204446780
3204446792
3204446788
455832
3204446800
3204446788
3204446796
3204446796
3204446788
3204446792
3204446796
455824
3204446796
3204446788
454632
3204446800
3204446800
3204446796
3204446796
3204446796
3204446788
3204446788
455032
3204446800
3204446792
3204446788
455832
3204446792
3204446792
3204446792
3204446780
3204446792
3204446788
456232
3204446800
3204446788
3204446796
3204446796
3204446788
3204446792
3204446796
456224
3204446796
3204446788
454632
3204446800
3204446800
3204446796
3204446796
3204446796
3204446788
3204446788
455032
3204446800
3204446792
3204446788
456232
3204446792
3204446792
3204446792
3204446780
3204446792
3204446788
456632
3204446800
3204446788
3204446796
3204446796
3204446788
3204446792
3204446796
456624
3204446796
3204446788
454632
3204446800
3204446800
3204446796
3204446796
3204446796
3204446788
3204446788
455032
3204446800
3204446792
3204446788
456632
3204446792
3204446792
3204446792
3204446780
3204446788
3204446792
3204446792
3204446780
3204446788
3204446792
455440
3204446800
3204446796
3204446796
3204446788
3204446788
3204446796
455424
3204446796
3204446792
454640
3204446800
3204446800
3204446796
3204446796
3204446796
3204446788
3204446788
3204446796
455432
3204446796
3204446792
455040
3204446800
3204446800
3204446796
3204446796
3204446796
3204446788
3204446788
3204446792
3204446800
455440
3204446792
3204446792
3204446792
3204446780
3204446788
3204446792
455448
3204446800
3204446796
3204446796
3204446788
3204446788
3204446796
455424
3204446796
3204446792
454648
3204446800
3204446800
3204446796
3204446796
3204446796
3204446788
3204446788
3204446796
455432
3204446796
3204446792
455048
3204446800
3204446800
3204446796
3204446796
3204446796
3204446788
3204446788
3204446792
3204446800
455448
3204446792
3204446792
3204446792
3204446780
3204446788
3204446792
455456
3204446800
3204446796
3204446796
3204446788
3204446788
3204446796
455424
3204446796
3204446792
454656
3204446800
3204446800
3204446796
3204446796
3204446796
3204446788
3204446788
3204446796
455432
3204446796
3204446792
455056
3204446800
3204446800
3204446796
3204446796
3204446796
3204446788
3204446788
3204446792
3204446800
455456
3204446792
3204446792
3204446792
3204446780
3204446788
3204446792
455464
3204446800
3204446796
3204446796
3204446788
3204446788
3204446796
455424
3204446796
3204446792
454664
3204446800
3204446800
3204446796
3204446796
3204446796
3204446788
3204446788
3204446796
455432
3204446796
3204446792
455064
3204446800
3204446800
3204446796
3204446796
3204446796
3204446788
3204446788
3204446792
3204446800
455464
3204446792
3204446792
3204446792
3204446780
3204446788
3204446788
3204446788
3204446780
3204446788
455440
3204446764
3204446744
3204446744
3204446744
3204446752
3204446752
3204446764
3204446768
3204446788
3204446792
3204446792
3204446780
3204446792
3204446788
455840
3204446800
3204446788
3204446796
3204446796
3204446788
3204446792
3204446796
455824
3204446796
3204446788
454640
3204446800
3204446800
3204446796
3204446796
3204446796
3204446788
3204446792
3204446796
455832
3204446796
3204446788
455040
3204446800
3204446800
3204446796
3204446796
3204446796
3204446788
3204446788
455440
3204446800
3204446792
3204446788
455840
3204446792
3204446792
3204446792
3204446780
3204446792
3204446788
456240
3204446800
3204446788
3204446796
3204446796
3204446788
3204446792
3204446796
456224
3204446796
3204446788
454640
3204446800
3204446800
3204446796
3204446796
3204446796
3204446788
3204446792
3204446796
456232
3204446796
3204446788
455040
3204446800
3204446800
3204446796
3204446796
3204446796
3204446788
3204446788
455440
3204446800
3204446792
3204446788
456240
3204446792
3204446792
3204446792
3204446780
3204446792
3204446788
456640
3204446800
3204446788
3204446796
3204446796
3204446788
3204446792
3204446796
456624
3204446796
3204446788
454640
3204446800
3204446800
3204446796
3204446796
3204446796
3204446788
3204446792
3204446796
456632
3204446796
3204446788
455040
3204446800
3204446800
3204446796
3204446796
3204446796
3204446788
3204446788
455440
3204446800
3204446792
3204446788
456640
3204446792
3204446792
3204446792
3204446780
3204446788
3204446792
3204446792
3204446780
3204446788
3204446792
455848
3204446800
3204446796
3204446796
3204446788
3204446788
3204446796
455824
3204446796
3204446792
454648
3204446800
3204446800
3204446796
3204446796
3204446796
3204446788
3204446788
3204446796
455832
3204446796
3204446792
455048
3204446800
3204446800
3204446796
3204446796
3204446796
3204446788
3204446788
3204446796
455840
3204446796
3204446792
455448
3204446800
3204446800
3204446796
3204446796
3204446796
3204446788
3204446788
3204446792
3204446800
455848
3204446792
3204446792
3204446792
3204446780
3204446788
3204446792
455856
3204446800
3204446796
3204446796
3204446788
3204446788
3204446796
455824
3204446796
3204446792
454656
3204446800
3204446800
3204446796
3204446796
3204446796
3204446788
3204446788
3204446796
455832
3204446796
3204446792
455056
3204446800
3204446800
3204446796
3204446796
3204446796
3204446788
3204446788
3204446796
455840
3204446796
3204446792
455456
3204446800
3204446800
3204446796
3204446796
3204446796
3204446788
3204446788
3204446792
3204446800
455856
3204446792
3204446792
3204446792
3204446780
3204446788
3204446792
455864
3204446800
3204446796
3204446796
3204446788
3204446788
3204446796
455824
3204446796
3204446792
454664
3204446800
3204446800
3204446796
3204446796
3204446796
3204446788
3204446788
3204446796
455832
3204446796
3204446792
455064
3204446800
3204446800
3204446796
3204446796
3204446796
3204446788
3204446788
3204446796
455840
3204446796
3204446792
455464
3204446800
3204446800
3204446796
3204446796
3204446796
3204446788
3204446788
3204446792
3204446800
455864
3204446792
3204446792
3204446792
3204446780
3204446788
3204446788
3204446788
3204446780
3204446788
455848
3204446764
3204446744
3204446744
3204446744
3204446752
3204446752
3204446764
3204446768
3204446788
3204446792
3204446792
3204446780
3204446792
3204446788
456248
3204446800
3204446788
3204446796
3204446796
3204446788
3204446792
3204446796
456224
3204446796
3204446788
454648
3204446800
3204446800
3204446796
3204446796
3204446796
3204446788
3204446792
3204446796
456232
3204446796
3204446788
455048
3204446800
3204446800
3204446796
3204446796
3204446796
3204446788
3204446792
3204446796
456240
3204446796
3204446788
455448
3204446800
3204446800
3204446796
3204446796
3204446796
3204446788
3204446788
455848
3204446800
3204446792
3204446788
456248
3204446792
3204446792
3204446792
3204446780
3204446792
3204446788
456648
3204446800
3204446788
3204446796
3204446796
3204446788
3204446792
3204446796
456624
3204446796
3204446788
454648
3204446800
3204446800
3204446796
3204446796
3204446796
3204446788
3204446792
3204446796
456632
3204446796
3204446788
455048
3204446800
3204446800
3204446796
3204446796
3204446796
3204446788
3204446792
3204446796
456640
3204446796
3204446788
455448
3204446800
3204446800
3204446796
3204446796
3204446796
3204446788
3204446788
455848
3204446800
3204446792
3204446788
456648
3204446792
3204446792
3204446792
3204446780
3204446788
3204446792
3204446792
3204446780
3204446788
3204446792
456256
3204446800
3204446796
3204446796
3204446788
3204446788
3204446796
456224
3204446796
3204446792
454656
3204446800
3204446800
3204446796
3204446796
3204446796
3204446788
3204446788
3204446796
456232
3204446796
3204446792
455056
3204446800
3204446800
3204446796
3204446796
3204446796
3204446788
3204446788
3204446796
456240
3204446796
3204446792
455456
3204446800
3204446800
3204446796
3204446796
3204446796
3204446788
3204446788
3204446796
456248
3204446796
3204446792
455856
3204446800
3204446800
3204446796
3204446796
3204446796
3204446788
3204446788
3204446792
3204446800
456256
3204446792
3204446792
3204446792
3204446780
3204446788
3204446792
456264
3204446800
3204446796
3204446796
3204446788
3204446788
3204446796
456224
3204446796
3204446792
454664
3204446800
3204446800
3204446796
3204446796
3204446796
3204446788
3204446788
3204446796
456232
3204446796
3204446792
455064
3204446800
3204446800
3204446796
3204446796
3204446796
3204446788
3204446788
3204446796
456240
3204446796
3204446792
455464
3204446800
3204446800
3204446796
3204446796
3204446796
3204446788
3204446788
3204446796
456248
3204446796
3204446792
455864
3204446800
3204446800
3204446796
3204446796
3204446796
3204446788
3204446788
3204446792
3204446800
456264
3204446792
3204446792
3204446792
3204446780
3204446788
3204446788
3204446788
3204446780
3204446788
456256
3204446764
3204446744
3204446744
3204446744
3204446752
3204446752
3204446764
3204446768
3204446788
3204446792
3204446792
3204446780
3204446792
3204446788
456656
3204446800
3204446788
3204446796
3204446796
3204446788
3204446792
3204446796
456624
3204446796
3204446788
454656
3204446800
3204446800
3204446796
3204446796
3204446796
3204446788
3204446792
3204446796
456632
3204446796
3204446788
455056
3204446800
3204446800
3204446796
3204446796
3204446796
3204446788
3204446792
3204446796
456640
3204446796
3204446788
455456
3204446800
3204446800
3204446796
3204446796
3204446796
3204446788
3204446792
3204446796
456648
3204446796
3204446788
455856
3204446800
3204446800
3204446796
3204446796
3204446796
3204446788
3204446788
456256
3204446800
3204446792
3204446788
456656
3204446792
3204446792
3204446792
3204446780
3204446788
3204446792
3204446792
3204446780
3204446788
3204446792
456664
3204446800
3204446796
3204446796
3204446788
3204446788
3204446796
456624
3204446796
3204446792
454664
3204446800
3204446800
3204446796
3204446796
3204446796
3204446788
3204446788
3204446796
456632
3204446796
3204446792
455064
3204446800
3204446800
3204446796
3204446796
3204446796
3204446788
3204446788
3204446796
456640
3204446796
3204446792
455464
3204446800
3204446800
3204446796
3204446796
3204446796
3204446788
3204446788
3204446796
456648
3204446796
3204446792
455864
3204446800
3204446800
3204446796
3204446796
3204446796
3204446788
3204446788
3204446796
456656
3204446796
3204446792
456264
3204446800
3204446800
3204446796
3204446796
3204446796
3204446788
3204446788
3204446792
3204446800
456664
3204446792
3204446792
3204446792
3204446780
3204446788
3204446788
3204446788
3204446780
453824
3204446808
3204446788
3204446788
3204446780
3204446788
453832
3204446800
3204446792
3204446792
3204446788
3204446788
3204446792
455024
3204446792
3204446808
3204446800
3204446800
3204446792
3204446792
3204446792
3204446788
3204446788
3204446800
3204446816
3204446788
3204446788
3204446788
3204446780
3204446788
453840
3204446800
3204446792
3204446792
3204446788
3204446788
3204446792
455424
3204446792
3204446808
3204446800
3204446800
3204446792
3204446792
3204446792
3204446788
3204446788
3204446792
455432
3204446792
3204446816
3204446800
3204446800
3204446792
3204446792
3204446792
3204446788
3204446788
3204446800
3204446824
3204446788
3204446788
3204446788
3204446780
3204446788
453848
3204446800
3204446792
3204446792
3204446788
3204446788
3204446792
455824
3204446792
3204446808
3204446800
3204446800
3204446792
3204446792
3204446792
3204446788
3204446788
3204446792
455832
3204446792
3204446816
3204446800
3204446800
3204446792
3204446792
3204446792
3204446788
3204446788
3204446792
455840
3204446792
3204446824
3204446800
3204446800
3204446792
3204446792
3204446792
3204446788
3204446788
3204446800
3204446832
3204446788
3204446788
3204446788
3204446780
3204446788
453856
3204446800
3204446792
3204446792
3204446788
3204446788
3204446792
456224
3204446792
3204446808
3204446800
3204446800
3204446792
3204446792
3204446792
3204446788
3204446788
3204446792
456232
3204446792
3204446816
3204446800
3204446800
3204446792
3204446792
3204446792
3204446788
3204446788
3204446792
456240
3204446792
3204446824
3204446800
3204446800
3204446792
3204446792
3204446792
3204446788
3204446788
3204446792
456248
3204446792
3204446832
3204446800
3204446800
3204446792
3204446792
3204446792
3204446788
3204446788
3204446800
3204446840
3204446788
3204446788
3204446788
3204446780
3204446788
453864
3204446800
3204446792
3204446792
3204446788
3204446788
3204446792
456624
3204446792
3204446808
3204446800
3204446800
3204446792
3204446792
3204446792
3204446788
3204446788
3204446792
456632
3204446792
3204446816
3204446800
3204446800
3204446792
3204446792
3204446792
3204446788
3204446788
3204446792
456640
3204446792
3204446824
3204446800
3204446800
3204446792
3204446792
3204446792
3204446788
3204446788
3204446792
456648
3204446792
3204446832
3204446800
3204446800
3204446792
3204446792
3204446792
3204446788
3204446788
3204446792
456656
3204446792
3204446840
3204446800
3204446800
3204446792
3204446792
3204446792
3204446788
3204446788
3204446800
3204446848
3204446788
3204446788
3204446788
3204446780
3204446780
3204446848
3204446780
456664
3204446780
454264
3204446780
3204446788
3204446788
3204446788
3204446840
3204446800
3204446788
3204446792
3204446792
3204446780
3204446788
3204446792
456264
3204446792
454264
3204446800
3204446800
3204446792
3204446792
3204446792
3204446780
3204446788
456256
3204446800
3204446788
454256
3204446788
3204446788
3204446788
3204446788
3204446832
3204446800
3204446788
3204446792
3204446792
3204446780
3204446788
3204446792
455856
3204446792
454256
3204446800
3204446800
3204446792
3204446792
3204446792
3204446780
3204446788
3204446792
455864
3204446792
454264
3204446800
3204446800
3204446792
3204446792
3204446792
3204446780
3204446788
455848
3204446800
3204446788
454248
3204446788
3204446788
3204446788
3204446788
3204446824
3204446800
3204446788
3204446792
3204446792
3204446780
3204446788
3204446792
455448
3204446792
454248
3204446800
3204446800
3204446792
3204446792
3204446792
3204446780
3204446788
3204446792
455456
3204446792
454256
3204446800
3204446800
3204446792
3204446792
3204446792
3204446780
3204446788
3204446792
455464
3204446792
454264
3204446800
3204446800
3204446792
3204446792
3204446792
3204446780
3204446788
455440
3204446800
3204446788
454240
3204446788
3204446788
3204446788
3204446788
3204446816
3204446800
3204446788
3204446792
3204446792
3204446780
3204446788
3204446792
455040
3204446792
454240
3204446800
3204446800
3204446792
3204446792
3204446792
3204446780
3204446788
3204446792
455048
3204446792
454248
3204446800
3204446800
3204446792
3204446792
3204446792
3204446780
3204446788
3204446792
455056
3204446792
454256
3204446800
3204446800
3204446792
3204446792
3204446792
3204446780
3204446788
3204446792
455064
3204446792
454264
3204446800
3204446800
3204446792
3204446792
3204446792
3204446780
3204446788
455032
3204446800
3204446788
454232
3204446788
3204446788
3204446788
3204446788
3204446808
3204446800
3204446788
3204446792
3204446792
3204446780
3204446788
3204446792
454632
3204446792
454232
3204446800
3204446800
3204446792
3204446792
3204446792
3204446780
3204446788
3204446792
454640
3204446792
454240
3204446800
3204446800
3204446792
3204446792
3204446792
3204446780
3204446788
3204446792
454648
3204446792
454248
3204446800
3204446800
3204446792
3204446792
3204446792
3204446780
3204446788
3204446792
454656
3204446792
454256
3204446800
3204446800
3204446792
3204446792
3204446792
3204446780
3204446788
3204446792
454664
3204446792
454264
3204446800
3204446800
3204446792
3204446792
3204446792
3204446780
3204446788
454624
3204446800
3204446788
454224
3204446788
3204446788
3204446788
3204447608
3204447628
3204447648
