35340
35342
35344
35346
35348
35350
35352
35356
35360
35362
35364
35584
35586
35588
35590
35366
35370
35374
35378
35380
35382
35548
35550
35552
35554
35384
35386
35388
35390
35392
35394
35398
35402
35406
35410
35412
35414
35418
35420
35422
35424
35426
35430
35432
35434
35436
35438
35442
35446
35448
35450
35454
35456
35458
35460
35462
35466
35470
35474
35478
35482
35484
35486
35490
35492
35494
35496
35498
35502
35506
35510
35512
35514
35518
35520
35522
35524
35526
35530
35534
35538
35542
35544
35546
35548
35550
35552
35554
35384
35386
35388
35390
35392
35394
35398
35402
35406
35410
35412
35414
35418
35420
35422
35424
35426
35430
35432
35434
35436
35502
35506
35510
35512
35514
35518
35520
35522
35524
35526
35530
35534
35538
35542
35544
35546
35548
35550
35552
35554
35384
35386
35388
35390
35392
35394
35398
35402
35406
35410
35412
35414
35418
35420
35422
35424
35426
35430
35432
35434
35436
35502
35506
35510
35512
35514
35518
35520
35522
35524
35526
35530
35534
35538
35542
35544
35546
35548
35550
35552
35554
35384
35386
35388
35390
35392
35394
35398
35402
35406
35410
35412
35414
35418
35420
35422
35424
35426
35430
35432
35434
35436
35502
35506
35510
35512
35514
35518
35520
35522
35524
35526
35530
35534
35538
35542
35544
35546
35548
35550
35552
35554
35384
35386
35388
35390
35392
35394
35398
35402
35406
35410
35412
35414
35418
35420
35422
35424
35426
35430
35432
35434
35436
35502
35506
35510
35512
35514
35518
35520
35522
35524
35526
35530
35534
35538
35542
35544
35546
35548
35550
35552
35554
35384
35386
35388
35390
35392
35394
35398
35402
35406
35410
35412
35414
35418
35420
35422
35424
35426
35430
35432
35434
35436
35502
35506
35510
35512
35514
35518
35520
35522
35524
35526
35530
35534
35538
35542
35544
35546
35548
35550
35552
35554
35556
35560
35564
35566
35568
35570
35574
35578
35580
35582
35584
35586
35588
35590
35366
35370
35374
35378
35380
35382
35548
35550
35552
35554
35384
35386
35388
35390
35392
35394
35398
35402
35406
35410
35412
35414
35418
35420
35422
35424
35426
35430
35432
35434
35436
35502
35506
35510
35512
35514
35518
35520
35522
35524
35526
35530
35534
35538
35542
35544
35546
35548
35550
35552
35554
35384
35386
35388
35390
35392
35394
35398
35402
35406
35410
35412
35414
35418
35420
35422
35424
35426
35430
35432
35434
35436
35438
35442
35446
35448
35450
35454
35456
35458
35460
35462
35466
35470
35474
35478
35482
35484
35486
35490
35492
35494
35496
35498
35502
35506
35510
35512
35514
35518
35520
35522
35524
35526
35530
35534
35538
35542
35544
35546
35548
35550
35552
35554
35384
35386
35388
35390
35392
35394
35398
35402
35406
35410
35412
35414
35418
35420
35422
35424
35426
35430
35432
35434
35436
35502
35506
35510
35512
35514
35518
35520
35522
35524
35526
35530
35534
35538
35542
35544
35546
35548
35550
35552
35554
35384
35386
35388
35390
35392
35394
35398
35402
35406
35410
35412
35414
35418
35420
35422
35424
35426
35430
35432
35434
35436
35502
35506
35510
35512
35514
35518
35520
35522
35524
35526
35530
35534
35538
35542
35544
35546
35548
35550
35552
35554
35384
35386
35388
35390
35392
35394
35398
35402
35406
35410
35412
35414
35418
35420
35422
35424
35426
35430
35432
35434
35436
35502
35506
35510
35512
35514
35518
35520
35522
35524
35526
35530
35534
35538
35542
35544
35546
35548
35550
35552
35554
35384
35386
35388
35390
35392
35394
35398
35402
35406
35410
35412
35414
35418
35420
35422
35424
35426
35430
35432
35434
35436
35502
35506
35510
35512
35514
35518
35520
35522
35524
35526
35530
35534
35538
35542
35544
35546
35548
35550
35552
35554
35556
35560
35564
35566
35568
35570
35574
35578
35580
35582
35584
35586
35588
35590
35366
35370
35374
35378
35380
35382
35548
35550
35552
35554
35384
35386
35388
35390
35392
35394
35398
35402
35406
35410
35412
35414
35418
35420
35422
35424
35426
35430
35432
35434
35436
35502
35506
35510
35512
35514
35518
35520
35522
35524
35526
35530
35534
35538
35542
35544
35546
35548
35550
35552
35554
35384
35386
35388
35390
35392
35394
35398
35402
35406
35410
35412
35414
35418
35420
35422
35424
35426
35430
35432
35434
35436
35502
35506
35510
35512
35514
35518
35520
35522
35524
35526
35530
35534
35538
35542
35544
35546
35548
35550
35552
35554
35384
35386
35388
35390
35392
35394
35398
35402
35406
35410
35412
35414
35418
35420
35422
35424
35426
35430
35432
35434
35436
35438
35442
35446
35448
35450
35454
35456
35458
35460
35462
35466
35470
35474
35478
35482
35484
35486
35490
35492
35494
35496
35498
35502
35506
35510
35512
35514
35518
35520
35522
35524
35526
35530
35534
35538
35542
35544
35546
35548
35550
35552
35554
35384
35386
35388
35390
35392
35394
35398
35402
35406
35410
35412
35414
35418
35420
35422
35424
35426
35430
35432
35434
35436
35502
35506
35510
35512
35514
35518
35520
35522
35524
35526
35530
35534
35538
35542
35544
35546
35548
35550
35552
35554
35384
35386
35388
35390
35392
35394
35398
35402
35406
35410
35412
35414
35418
35420
35422
35424
35426
35430
35432
35434
35436
35502
35506
35510
35512
35514
35518
35520
35522
35524
35526
35530
35534
35538
35542
35544
35546
35548
35550
35552
35554
35384
35386
35388
35390
35392
35394
35398
35402
35406
35410
35412
35414
35418
35420
35422
35424
35426
35430
35432
35434
35436
35502
35506
35510
35512
35514
35518
35520
35522
35524
35526
35530
35534
35538
35542
35544
35546
35548
35550
35552
35554
35556
35560
35564
35566
35568
35570
35574
35578
35580
35582
35584
35586
35588
35590
35366
35370
35374
35378
35380
35382
35548
35550
35552
35554
35384
35386
35388
35390
35392
35394
35398
35402
35406
35410
35412
35414
35418
35420
35422
35424
35426
35430
35432
35434
35436
35502
35506
35510
35512
35514
35518
35520
35522
35524
35526
35530
35534
35538
35542
35544
35546
35548
35550
35552
35554
35384
35386
35388
35390
35392
35394
35398
35402
35406
35410
35412
35414
35418
35420
35422
35424
35426
35430
35432
35434
35436
35502
35506
35510
35512
35514
35518
35520
35522
35524
35526
35530
35534
35538
35542
35544
35546
35548
35550
35552
35554
35384
35386
35388
35390
35392
35394
35398
35402
35406
35410
35412
35414
35418
35420
35422
35424
35426
35430
35432
35434
35436
35502
35506
35510
35512
35514
35518
35520
35522
35524
35526
35530
35534
35538
35542
35544
35546
35548
35550
35552
35554
35384
35386
35388
35390
35392
35394
35398
35402
35406
35410
35412
35414
35418
35420
35422
35424
35426
35430
35432
35434
35436
35438
35442
35446
35448
35450
35454
35456
35458
35460
35462
35466
35470
35474
35478
35482
35484
35486
35490
35492
35494
35496
35498
35502
35506
35510
35512
35514
35518
35520
35522
35524
35526
35530
35534
35538
35542
35544
35546
35548
35550
35552
35554
35384
35386
35388
35390
35392
35394
35398
35402
35406
35410
35412
35414
35418
35420
35422
35424
35426
35430
35432
35434
35436
35502
35506
35510
35512
35514
35518
35520
35522
35524
35526
35530
35534
35538
35542
35544
35546
35548
35550
35552
35554
35384
35386
35388
35390
35392
35394
35398
35402
35406
35410
35412
35414
35418
35420
35422
35424
35426
35430
35432
35434
35436
35502
35506
35510
35512
35514
35518
35520
35522
35524
35526
35530
35534
35538
35542
35544
35546
35548
35550
35552
35554
35556
35560
35564
35566
35568
35570
35574
35578
35580
35582
35584
35586
35588
35590
35366
35370
35374
35378
35380
35382
35548
35550
35552
35554
35384
35386
35388
35390
35392
35394
35398
35402
35406
35410
35412
35414
35418
35420
35422
35424
35426
35430
35432
35434
35436
35502
35506
35510
35512
35514
35518
35520
35522
35524
35526
35530
35534
35538
35542
35544
35546
35548
35550
35552
35554
35384
35386
35388
35390
35392
35394
35398
35402
35406
35410
35412
35414
35418
35420
35422
35424
35426
35430
35432
35434
35436
35502
35506
35510
35512
35514
35518
35520
35522
35524
35526
35530
35534
35538
35542
35544
35546
35548
35550
35552
35554
35384
35386
35388
35390
35392
35394
35398
35402
35406
35410
35412
35414
35418
35420
35422
35424
35426
35430
35432
35434
35436
35502
35506
35510
35512
35514
35518
35520
35522
35524
35526
35530
35534
35538
35542
35544
35546
35548
35550
35552
35554
35384
35386
35388
35390
35392
35394
35398
35402
35406
35410
35412
35414
35418
35420
35422
35424
35426
35430
35432
35434
35436
35502
35506
35510
35512
35514
35518
35520
35522
35524
35526
35530
35534
35538
35542
35544
35546
35548
35550
35552
35554
35384
35386
35388
35390
35392
35394
35398
35402
35406
35410
35412
35414
35418
35420
35422
35424
35426
35430
35432
35434
35436
35438
35442
35446
35448
35450
35454
35456
35458
35460
35462
35466
35470
35474
35478
35482
35484
35486
35490
35492
35494
35496
35498
35502
35506
35510
35512
35514
35518
35520
35522
35524
35526
35530
35534
35538
35542
35544
35546
35548
35550
35552
35554
35384
35386
35388
35390
35392
35394
35398
35402
35406
35410
35412
35414
35418
35420
35422
35424
35426
35430
35432
35434
35436
35502
35506
35510
35512
35514
35518
35520
35522
35524
35526
35530
35534
35538
35542
35544
35546
35548
35550
35552
35554
35556
35560
35564
35566
35568
35570
35574
35578
35580
35582
35584
35586
35588
35590
35366
35370
35374
35378
35380
35382
35548
35550
35552
35554
35384
35386
35388
35390
35392
35394
35398
35402
35406
35410
35412
35414
35418
35420
35422
35424
35426
35430
35432
35434
35436
35502
35506
35510
35512
35514
35518
35520
35522
35524
35526
35530
35534
35538
35542
35544
35546
35548
35550
35552
35554
35384
35386
35388
35390
35392
35394
35398
35402
35406
35410
35412
35414
35418
35420
35422
35424
35426
35430
35432
35434
35436
35502
35506
35510
35512
35514
35518
35520
35522
35524
35526
35530
35534
35538
35542
35544
35546
35548
35550
35552
35554
35384
35386
35388
35390
35392
35394
35398
35402
35406
35410
35412
35414
35418
35420
35422
35424
35426
35430
35432
35434
35436
35502
35506
35510
35512
35514
35518
35520
35522
35524
35526
35530
35534
35538
35542
35544
35546
35548
35550
35552
35554
35384
35386
35388
35390
35392
35394
35398
35402
35406
35410
35412
35414
35418
35420
35422
35424
35426
35430
35432
35434
35436
35502
35506
35510
35512
35514
35518
35520
35522
35524
35526
35530
35534
35538
35542
35544
35546
35548
35550
35552
35554
35384
35386
35388
35390
35392
35394
35398
35402
35406
35410
35412
35414
35418
35420
35422
35424
35426
35430
35432
35434
35436
35502
35506
35510
35512
35514
35518
35520
35522
35524
35526
35530
35534
35538
35542
35544
35546
35548
35550
35552
35554
35384
35386
35388
35390
35392
35394
35398
35402
35406
35410
35412
35414
35418
35420
35422
35424
35426
35430
35432
35434
35436
35438
35442
35446
35448
35450
35454
35456
35458
35460
35462
35466
35470
35474
35478
35482
35484
35486
35490
35492
35494
35496
35498
35502
35506
35510
35512
35514
35518
35520
35522
35524
35526
35530
35534
35538
35542
35544
35546
35548
35550
35552
35554
35556
35560
35564
35566
35568
35570
35574
35578
35580
35582
35584
35586
35588
35590
35592
35594
35598
35624
35626
35630
35632
35636
35638
35640
35644
35648
35650
35652
35654
35656
35660
35664
35668
35676
35680
35682
35684
36352
36356
36360
36362
36364
36366
35686
35690
35694
35698
35700
35704
35708
35710
35714
35718
35272
35274
35276
35278
35282
35286
35290
35294
35296
35300
35304
35318
35322
35326
35330
35332
35334
35338
35722
35726
35728
35732
35736
35740
35746
35750
35754
35756
35758
35760
36042
36046
36050
36052
36054
36056
35762
35766
35770
35774
35778
35780
35782
35786
35790
35792
35794
35796
35798
35802
35806
35810
35812
35814
35952
35956
35960
35964
35966
35970
35974
35976
35980
35984
35988
35992
35996
36000
36004
36006
36008
36012
36016
36018
36020
36022
36024
36028
36032
36036
36038
36040
36042
36046
36050
36052
36054
36056
35762
35766
35770
35774
35778
35780
35782
35786
35790
35792
35794
35796
35798
35802
35806
35810
35812
35814
35952
35956
35960
35964
35966
35970
35974
35976
35980
35984
35988
35992
35996
36000
36004
36006
36008
36012
36016
36018
36020
36022
36024
36028
36032
36036
36038
36040
36042
36046
36050
36052
36054
36056
35762
35766
35770
35774
35778
35780
35782
35786
35790
35792
35794
35796
35798
35802
35806
35810
35812
35814
35952
35956
35960
35964
35966
35970
35974
35976
35980
35984
35988
35992
35996
36000
36004
36006
36008
36012
36016
36018
36020
36022
36024
36028
36032
36036
36038
36040
36042
36046
36050
36052
36054
36056
35762
35766
35770
35774
35778
35780
35782
35786
35790
35792
35794
35796
35798
35802
35806
35810
35812
35814
35952
35956
35960
35964
35966
35970
35974
35976
35980
35984
35988
35992
35996
36000
36004
36006
36008
36012
36016
36018
36020
36022
36024
36028
36032
36036
36038
36040
36042
36046
36050
36052
36054
36056
35762
35766
35770
35774
35778
35780
35782
35786
35790
35792
35794
35796
35798
35802
35806
35810
35812
35814
35952
35956
35960
35964
35966
35970
35974
35976
35980
35984
35988
35992
35996
36000
36004
36006
36008
36012
36016
36018
36020
36022
36024
36028
36032
36036
36038
36040
36042
36046
36050
36052
36054
36056
36060
36064
36068
36070
36072
36074
36320
36324
36328
36330
36332
36334
36076
36080
36082
36084
36088
36092
36096
36098
36102
36106
36108
36110
36112
36114
36118
36122
36126
36128
36130
36244
36248
36252
36254
36256
36258
36132
36136
36138
36140
36144
36148
36150
36154
36158
36160
36162
36164
36166
36170
36174
36178
36182
36184
36186
36190
36194
36196
36198
36200
36202
36206
36210
36214
36218
36222
36226
36230
36234
36238
36240
36242
36244
36248
36252
36254
36256
36258
36260
36264
36266
36268
36272
36276
36278
36282
36286
36288
36290
36292
36294
36298
36302
36306
36310
36314
36316
36318
36320
36324
36328
36330
36332
36334
36076
36080
36082
36084
36088
36092
36096
36098
36102
36106
36108
36110
36112
36114
36118
36122
36126
36128
36130
36244
36248
36252
36254
36256
36258
36132
36136
36138
36140
36144
36148
36150
36154
36158
36160
36162
36164
36166
36170
36174
36178
36182
36184
36186
36190
36194
36196
36198
36200
36202
36206
36210
36214
36218
36222
36226
36230
36234
36238
36240
36242
36244
36248
36252
36254
36256
36258
36260
36264
36266
36268
36272
36276
36278
36282
36286
36288
36290
36292
36294
36298
36302
36306
36310
36314
36316
36318
36320
36324
36328
36330
36332
36334
36076
36080
36082
36084
36088
36092
36096
36098
36102
36106
36108
36110
36112
36114
36118
36122
36126
36128
36130
36244
36248
36252
36254
36256
36258
36132
36136
36138
36140
36144
36148
36150
36154
36158
36160
36162
36164
36166
36170
36174
36178
36182
36184
36186
36190
36194
36196
36198
36200
36202
36206
36210
36214
36218
36222
36226
36230
36234
36238
36240
36242
36244
36248
36252
36254
36256
36258
36260
36264
36266
36268
36272
36276
36278
36282
36286
36288
36290
36292
36294
36298
36302
36306
36310
36314
36316
36318
36320
36324
36328
36330
36332
36334
36076
36080
36082
36084
36088
36092
36096
36098
36102
36106
36108
36110
36112
36114
36118
36122
36126
36128
36130
36244
36248
36252
36254
36256
36258
36132
36136
36138
36140
36144
36148
36150
36154
36158
36160
36162
36164
36166
36170
36174
36178
36182
36184
36186
36190
36194
36196
36198
36200
36202
36206
36210
36214
36218
36222
36226
36230
36234
36238
36240
36242
36244
36248
36252
36254
36256
36258
36260
36264
36266
36268
36272
36276
36278
36282
36286
36288
36290
36292
36294
36298
36302
36306
36310
36314
36316
36318
36320
36324
36328
36330
36332
36334
36076
36080
36082
36084
36088
36092
36096
36098
36102
36106
36108
36110
36112
36114
36118
36122
36126
36128
36130
36244
36248
36252
36254
36256
36258
36132
36136
36138
36140
36144
36148
36150
36154
36158
36160
36162
36164
36166
36170
36174
36178
36182
36184
36186
36190
36194
36196
36198
36200
36202
36206
36210
36214
36218
36222
36226
36230
36234
36238
36240
36242
36244
36248
36252
36254
36256
36258
36260
36264
36266
36268
36272
36276
36278
36282
36286
36288
36290
36292
36294
36298
36302
36306
36310
36314
36316
36318
36320
36324
36328
36330
36332
36334
36338
36342
36346
36348
36350
36352
36356
36360
36362
36364
36366
35686
35690
35694
35698
35700
35704
35708
35710
35714
35718
35272
35274
35276
35278
35282
35286
35290
35294
35296
35300
35304
35318
35322
35326
35330
35332
35334
35338
35722
35726
35728
35732
35736
35740
35746
35750
35754
35756
35758
35760
36042
36046
36050
36052
36054
36056
35762
35766
35770
35774
35778
35780
35782
35786
35790
35792
35794
35796
35798
35802
35806
35810
35812
35814
35816
35820
35822
35824
35936
35940
35944
35946
35948
35950
35826
35830
35834
35838
35840
35842
35846
35850
35852
35854
35856
35858
35862
35866
35870
35874
35876
35878
35882
35886
35888
35890
35892
35894
35898
35902
35906
35910
35914
35918
35922
35926
35930
35932
35934
35936
35940
35944
35946
35948
35950
35952
35956
35960
35964
35966
35970
35974
35976
35980
35984
35988
35992
35996
36000
36004
36006
36008
36012
36016
36018
36020
36022
36024
36028
36032
36036
36038
36040
36042
36046
36050
36052
36054
36056
35762
35766
35770
35774
35778
35780
35782
35786
35790
35792
35794
35796
35798
35802
35806
35810
35812
35814
35816
35820
35822
35824
35936
35940
35944
35946
35948
35950
35826
35830
35834
35838
35840
35842
35846
35850
35852
35854
35856
35858
35862
35866
35870
35874
35876
35878
35882
35886
35888
35890
35892
35894
35898
35902
35906
35910
35914
35918
35922
35926
35930
35932
35934
35936
35940
35944
35946
35948
35950
35952
35956
35960
35964
35966
35970
35974
35976
35980
35984
35988
35992
35996
36000
36004
36006
36008
36012
36016
36018
36020
36022
36024
36028
36032
36036
36038
36040
36042
36046
36050
36052
36054
36056
35762
35766
35770
35774
35778
35780
35782
35786
35790
35792
35794
35796
35798
35802
35806
35810
35812
35814
35816
35820
35822
35824
35936
35940
35944
35946
35948
35950
35826
35830
35834
35838
35840
35842
35846
35850
35852
35854
35856
35858
35862
35866
35870
35874
35876
35878
35882
35886
35888
35890
35892
35894
35898
35902
35906
35910
35914
35918
35922
35926
35930
35932
35934
35936
35940
35944
35946
35948
35950
35952
35956
35960
35964
35966
35970
35974
35976
35980
35984
35988
35992
35996
36000
36004
36006
36008
36012
36016
36018
36020
36022
36024
36028
36032
36036
36038
36040
36042
36046
36050
36052
36054
36056
35762
35766
35770
35774
35778
35780
35782
35786
35790
35792
35794
35796
35798
35802
35806
35810
35812
35814
35816
35820
35822
35824
35936
35940
35944
35946
35948
35950
35826
35830
35834
35838
35840
35842
35846
35850
35852
35854
35856
35858
35862
35866
35870
35874
35876
35878
35882
35886
35888
35890
35892
35894
35898
35902
35906
35910
35914
35918
35922
35926
35930
35932
35934
35936
35940
35944
35946
35948
35950
35952
35956
35960
35964
35966
35970
35974
35976
35980
35984
35988
35992
35996
36000
36004
36006
36008
36012
36016
36018
36020
36022
36024
36028
36032
36036
36038
36040
36042
36046
36050
36052
36054
36056
36060
36064
36068
36070
36072
36074
36320
36324
36328
36330
36332
36334
36076
36080
36082
36084
36088
36092
36096
36098
36102
36106
36108
36110
36112
36114
36118
36122
36126
36128
36130
36244
36248
36252
36254
36256
36258
36132
36136
36138
36140
36144
36148
36150
36154
36158
36160
36162
36164
36166
36170
36174
36178
36182
36184
36186
36190
36194
36196
36198
36200
36202
36206
36210
36214
36218
36222
36226
36230
36234
36238
36240
36242
36244
36248
36252
36254
36256
36258
36132
36136
36138
36140
36144
36148
36150
36154
36158
36160
36162
36164
36166
36170
36174
36178
36182
36184
36186
36190
36194
36196
36198
36200
36202
36206
36210
36214
36218
36222
36226
36230
36234
36238
36240
36242
36244
36248
36252
36254
36256
36258
36260
36264
36266
36268
36272
36276
36278
36282
36286
36288
36290
36292
36294
36298
36302
36306
36310
36314
36316
36318
36320
36324
36328
36330
36332
36334
36076
36080
36082
36084
36088
36092
36096
36098
36102
36106
36108
36110
36112
36114
36118
36122
36126
36128
36130
36244
36248
36252
36254
36256
36258
36132
36136
36138
36140
36144
36148
36150
36154
36158
36160
36162
36164
36166
36170
36174
36178
36182
36184
36186
36190
36194
36196
36198
36200
36202
36206
36210
36214
36218
36222
36226
36230
36234
36238
36240
36242
36244
36248
36252
36254
36256
36258
36132
36136
36138
36140
36144
36148
36150
36154
36158
36160
36162
36164
36166
36170
36174
36178
36182
36184
36186
36190
36194
36196
36198
36200
36202
36206
36210
36214
36218
36222
36226
36230
36234
36238
36240
36242
36244
36248
36252
36254
36256
36258
36260
36264
36266
36268
36272
36276
36278
36282
36286
36288
36290
36292
36294
36298
36302
36306
36310
36314
36316
36318
36320
36324
36328
36330
36332
36334
36076
36080
36082
36084
36088
36092
36096
36098
36102
36106
36108
36110
36112
36114
36118
36122
36126
36128
36130
36244
36248
36252
36254
36256
36258
36132
36136
36138
36140
36144
36148
36150
36154
36158
36160
36162
36164
36166
36170
36174
36178
36182
36184
36186
36190
36194
36196
36198
36200
36202
36206
36210
36214
36218
36222
36226
36230
36234
36238
36240
36242
36244
36248
36252
36254
36256
36258
36132
36136
36138
36140
36144
36148
36150
36154
36158
36160
36162
36164
36166
36170
36174
36178
36182
36184
36186
36190
36194
36196
36198
36200
36202
36206
36210
36214
36218
36222
36226
36230
36234
36238
36240
36242
36244
36248
36252
36254
36256
36258
36260
36264
36266
36268
36272
36276
36278
36282
36286
36288
36290
36292
36294
36298
36302
36306
36310
36314
36316
36318
36320
36324
36328
36330
36332
36334
36076
36080
36082
36084
36088
36092
36096
36098
36102
36106
36108
36110
36112
36114
36118
36122
36126
36128
36130
36244
36248
36252
36254
36256
36258
36132
36136
36138
36140
36144
36148
36150
36154
36158
36160
36162
36164
36166
36170
36174
36178
36182
36184
36186
36190
36194
36196
36198
36200
36202
36206
36210
36214
36218
36222
36226
36230
36234
36238
36240
36242
36244
36248
36252
36254
36256
36258
36132
36136
36138
36140
36144
36148
36150
36154
36158
36160
36162
36164
36166
36170
36174
36178
36182
36184
36186
36190
36194
36196
36198
36200
36202
36206
36210
36214
36218
36222
36226
36230
36234
36238
36240
36242
36244
36248
36252
36254
36256
36258
36260
36264
36266
36268
36272
36276
36278
36282
36286
36288
36290
36292
36294
36298
36302
36306
36310
36314
36316
36318
36320
36324
36328
36330
36332
36334
36338
36342
36346
36348
36350
36352
36356
36360
36362
36364
36366
35686
35690
35694
35698
35700
35704
35708
35710
35714
35718
35272
35274
35276
35278
35282
35286
35290
35294
35296
35300
35304
35318
35322
35326
35330
35332
35334
35338
35722
35726
35728
35732
35736
35740
35746
35750
35754
35756
35758
35760
36042
36046
36050
36052
36054
36056
35762
35766
35770
35774
35778
35780
35782
35786
35790
35792
35794
35796
35798
35802
35806
35810
35812
35814
35816
35820
35822
35824
35936
35940
35944
35946
35948
35950
35826
35830
35834
35838
35840
35842
35846
35850
35852
35854
35856
35858
35862
35866
35870
35874
35876
35878
35882
35886
35888
35890
35892
35894
35898
35902
35906
35910
35914
35918
35922
35926
35930
35932
35934
35936
35940
35944
35946
35948
35950
35826
35830
35834
35838
35840
35842
35846
35850
35852
35854
35856
35858
35862
35866
35870
35874
35876
35878
35882
35886
35888
35890
35892
35894
35898
35902
35906
35910
35914
35918
35922
35926
35930
35932
35934
35936
35940
35944
35946
35948
35950
35952
35956
35960
35964
35966
35970
35974
35976
35980
35984
35988
35992
35996
36000
36004
36006
36008
36012
36016
36018
36020
36022
36024
36028
36032
36036
36038
36040
36042
36046
36050
36052
36054
36056
35762
35766
35770
35774
35778
35780
35782
35786
35790
35792
35794
35796
35798
35802
35806
35810
35812
35814
35816
35820
35822
35824
35936
35940
35944
35946
35948
35950
35826
35830
35834
35838
35840
35842
35846
35850
35852
35854
35856
35858
35862
35866
35870
35874
35876
35878
35882
35886
35888
35890
35892
35894
35898
35902
35906
35910
35914
35918
35922
35926
35930
35932
35934
35936
35940
35944
35946
35948
35950
35826
35830
35834
35838
35840
35842
35846
35850
35852
35854
35856
35858
35862
35866
35870
35874
35876
35878
35882
35886
35888
35890
35892
35894
35898
35902
35906
35910
35914
35918
35922
35926
35930
35932
35934
35936
35940
35944
35946
35948
35950
35952
35956
35960
35964
35966
35970
35974
35976
35980
35984
35988
35992
35996
36000
36004
36006
36008
36012
36016
36018
36020
36022
36024
36028
36032
36036
36038
36040
36042
36046
36050
36052
36054
36056
35762
35766
35770
35774
35778
35780
35782
35786
35790
35792
35794
35796
35798
35802
35806
35810
35812
35814
35816
35820
35822
35824
35936
35940
35944
35946
35948
35950
35826
35830
35834
35838
35840
35842
35846
35850
35852
35854
35856
35858
35862
35866
35870
35874
35876
35878
35882
35886
35888
35890
35892
35894
35898
35902
35906
35910
35914
35918
35922
35926
35930
35932
35934
35936
35940
35944
35946
35948
35950
35826
35830
35834
35838
35840
35842
35846
35850
35852
35854
35856
35858
35862
35866
35870
35874
35876
35878
35882
35886
35888
35890
35892
35894
35898
35902
35906
35910
35914
35918
35922
35926
35930
35932
35934
35936
35940
35944
35946
35948
35950
35952
35956
35960
35964
35966
35970
35974
35976
35980
35984
35988
35992
35996
36000
36004
36006
36008
36012
36016
36018
36020
36022
36024
36028
36032
36036
36038
36040
36042
36046
36050
36052
36054
36056
36060
36064
36068
36070
36072
36074
36320
36324
36328
36330
36332
36334
36076
36080
36082
36084
36088
36092
36096
36098
36102
36106
36108
36110
36112
36114
36118
36122
36126
36128
36130
36244
36248
36252
36254
36256
36258
36132
36136
36138
36140
36144
36148
36150
36154
36158
36160
36162
36164
36166
36170
36174
36178
36182
36184
36186
36190
36194
36196
36198
36200
36202
36206
36210
36214
36218
36222
36226
36230
36234
36238
36240
36242
36244
36248
36252
36254
36256
36258
36132
36136
36138
36140
36144
36148
36150
36154
36158
36160
36162
36164
36166
36170
36174
36178
36182
36184
36186
36190
36194
36196
36198
36200
36202
36206
36210
36214
36218
36222
36226
36230
36234
36238
36240
36242
36244
36248
36252
36254
36256
36258
36132
36136
36138
36140
36144
36148
36150
36154
36158
36160
36162
36164
36166
36170
36174
36178
36182
36184
36186
36190
36194
36196
36198
36200
36202
36206
36210
36214
36218
36222
36226
36230
36234
36238
36240
36242
36244
36248
36252
36254
36256
36258
36260
36264
36266
36268
36272
36276
36278
36282
36286
36288
36290
36292
36294
36298
36302
36306
36310
36314
36316
36318
36320
36324
36328
36330
36332
36334
36076
36080
36082
36084
36088
36092
36096
36098
36102
36106
36108
36110
36112
36114
36118
36122
36126
36128
36130
36244
36248
36252
36254
36256
36258
36132
36136
36138
36140
36144
36148
36150
36154
36158
36160
36162
36164
36166
36170
36174
36178
36182
36184
36186
36190
36194
36196
36198
36200
36202
36206
36210
36214
36218
36222
36226
36230
36234
36238
36240
36242
36244
36248
36252
36254
36256
36258
36132
36136
36138
36140
36144
36148
36150
36154
36158
36160
36162
36164
36166
36170
36174
36178
36182
36184
36186
36190
36194
36196
36198
36200
36202
36206
36210
36214
36218
36222
36226
36230
36234
36238
36240
36242
36244
36248
36252
36254
36256
36258
36132
36136
36138
36140
36144
36148
36150
36154
36158
36160
36162
36164
36166
36170
36174
36178
36182
36184
36186
36190
36194
36196
36198
36200
36202
36206
36210
36214
36218
36222
36226
36230
36234
36238
36240
36242
36244
36248
36252
36254
36256
36258
36260
36264
36266
36268
36272
36276
36278
36282
36286
36288
36290
36292
36294
36298
36302
36306
36310
36314
36316
36318
36320
36324
36328
36330
36332
36334
36076
36080
36082
36084
36088
36092
36096
36098
36102
36106
36108
36110
36112
36114
36118
36122
36126
36128
36130
36244
36248
36252
36254
36256
36258
36132
36136
36138
36140
36144
36148
36150
36154
36158
36160
36162
36164
36166
36170
36174
36178
36182
36184
36186
36190
36194
36196
36198
36200
36202
36206
36210
36214
36218
36222
36226
36230
36234
36238
36240
36242
36244
36248
36252
36254
36256
36258
36132
36136
36138
36140
36144
36148
36150
36154
36158
36160
36162
36164
36166
36170
36174
36178
36182
36184
36186
36190
36194
36196
36198
36200
36202
36206
36210
36214
36218
36222
36226
36230
36234
36238
36240
36242
36244
36248
36252
36254
36256
36258
36132
36136
36138
36140
36144
36148
36150
36154
36158
36160
36162
36164
36166
36170
36174
36178
36182
36184
36186
36190
36194
36196
36198
36200
36202
36206
36210
36214
36218
36222
36226
36230
36234
36238
36240
36242
36244
36248
36252
36254
36256
36258
36260
36264
36266
36268
36272
36276
36278
36282
36286
36288
36290
36292
36294
36298
36302
36306
36310
36314
36316
36318
36320
36324
36328
36330
36332
36334
36338
36342
36346
36348
36350
36352
36356
36360
36362
36364
36366
35686
35690
35694
35698
35700
35704
35708
35710
35714
35718
35272
35274
35276
35278
35282
35286
35290
35294
35296
35300
35304
35318
35322
35326
35330
35332
35334
35338
35722
35726
35728
35732
35736
35740
35746
35750
35754
35756
35758
35760
36042
36046
36050
36052
36054
36056
35762
35766
35770
35774
35778
35780
35782
35786
35790
35792
35794
35796
35798
35802
35806
35810
35812
35814
35816
35820
35822
35824
35936
35940
35944
35946
35948
35950
35826
35830
35834
35838
35840
35842
35846
35850
35852
35854
35856
35858
35862
35866
35870
35874
35876
35878
35882
35886
35888
35890
35892
35894
35898
35902
35906
35910
35914
35918
35922
35926
35930
35932
35934
35936
35940
35944
35946
35948
35950
35826
35830
35834
35838
35840
35842
35846
35850
35852
35854
35856
35858
35862
35866
35870
35874
35876
35878
35882
35886
35888
35890
35892
35894
35898
35902
35906
35910
35914
35918
35922
35926
35930
35932
35934
35936
35940
35944
35946
35948
35950
35826
35830
35834
35838
35840
35842
35846
35850
35852
35854
35856
35858
35862
35866
35870
35874
35876
35878
35882
35886
35888
35890
35892
35894
35898
35902
35906
35910
35914
35918
35922
35926
35930
35932
35934
35936
35940
35944
35946
35948
35950
35952
35956
35960
35964
35966
35970
35974
35976
35980
35984
35988
35992
35996
36000
36004
36006
36008
36012
36016
36018
36020
36022
36024
36028
36032
36036
36038
36040
36042
36046
36050
36052
36054
36056
35762
35766
35770
35774
35778
35780
35782
35786
35790
35792
35794
35796
35798
35802
35806
35810
35812
35814
35816
35820
35822
35824
35936
35940
35944
35946
35948
35950
35826
35830
35834
35838
35840
35842
35846
35850
35852
35854
35856
35858
35862
35866
35870
35874
35876
35878
35882
35886
35888
35890
35892
35894
35898
35902
35906
35910
35914
35918
35922
35926
35930
35932
35934
35936
35940
35944
35946
35948
35950
35826
35830
35834
35838
35840
35842
35846
35850
35852
35854
35856
35858
35862
35866
35870
35874
35876
35878
35882
35886
35888
35890
35892
35894
35898
35902
35906
35910
35914
35918
35922
35926
35930
35932
35934
35936
35940
35944
35946
35948
35950
35826
35830
35834
35838
35840
35842
35846
35850
35852
35854
35856
35858
35862
35866
35870
35874
35876
35878
35882
35886
35888
35890
35892
35894
35898
35902
35906
35910
35914
35918
35922
35926
35930
35932
35934
35936
35940
35944
35946
35948
35950
35952
35956
35960
35964
35966
35970
35974
35976
35980
35984
35988
35992
35996
36000
36004
36006
36008
36012
36016
36018
36020
36022
36024
36028
36032
36036
36038
36040
36042
36046
36050
36052
36054
36056
36060
36064
36068
36070
36072
36074
36320
36324
36328
36330
36332
36334
36076
36080
36082
36084
36088
36092
36096
36098
36102
36106
36108
36110
36112
36114
36118
36122
36126
36128
36130
36244
36248
36252
36254
36256
36258
36132
36136
36138
36140
36144
36148
36150
36154
36158
36160
36162
36164
36166
36170
36174
36178
36182
36184
36186
36190
36194
36196
36198
36200
36202
36206
36210
36214
36218
36222
36226
36230
36234
36238
36240
36242
36244
36248
36252
36254
36256
36258
36132
36136
36138
36140
36144
36148
36150
36154
36158
36160
36162
36164
36166
36170
36174
36178
36182
36184
36186
36190
36194
36196
36198
36200
36202
36206
36210
36214
36218
36222
36226
36230
36234
36238
36240
36242
36244
36248
36252
36254
36256
36258
36132
36136
36138
36140
36144
36148
36150
36154
36158
36160
36162
36164
36166
36170
36174
36178
36182
36184
36186
36190
36194
36196
36198
36200
36202
36206
36210
36214
36218
36222
36226
36230
36234
36238
36240
36242
36244
36248
36252
36254
36256
36258
36132
36136
36138
36140
36144
36148
36150
36154
36158
36160
36162
36164
36166
36170
36174
36178
36182
36184
36186
36190
36194
36196
36198
36200
36202
36206
36210
36214
36218
36222
36226
36230
36234
36238
36240
36242
36244
36248
36252
36254
36256
36258
36260
36264
36266
36268
36272
36276
36278
36282
36286
36288
36290
36292
36294
36298
36302
36306
36310
36314
36316
36318
36320
36324
36328
36330
36332
36334
36076
36080
36082
36084
36088
36092
36096
36098
36102
36106
36108
36110
36112
36114
36118
36122
36126
36128
36130
36244
36248
36252
36254
36256
36258
36132
36136
36138
36140
36144
36148
36150
36154
36158
36160
36162
36164
36166
36170
36174
36178
36182
36184
36186
36190
36194
36196
36198
36200
36202
36206
36210
36214
36218
36222
36226
36230
36234
36238
36240
36242
36244
36248
36252
36254
36256
36258
36132
36136
36138
36140
36144
36148
36150
36154
36158
36160
36162
36164
36166
36170
36174
36178
36182
36184
36186
36190
36194
36196
36198
36200
36202
36206
36210
36214
36218
36222
36226
36230
36234
36238
36240
36242
36244
36248
36252
36254
36256
36258
36132
36136
36138
36140
36144
36148
36150
36154
36158
36160
36162
36164
36166
36170
36174
36178
36182
36184
36186
36190
36194
36196
36198
36200
36202
36206
36210
36214
36218
36222
36226
36230
36234
36238
36240
36242
36244
36248
36252
36254
36256
36258
36132
36136
36138
36140
36144
36148
36150
36154
36158
36160
36162
36164
36166
36170
36174
36178
36182
36184
36186
36190
36194
36196
36198
36200
36202
36206
36210
36214
36218
36222
36226
36230
36234
36238
36240
36242
36244
36248
36252
36254
36256
36258
36260
36264
36266
36268
36272
36276
36278
36282
36286
36288
36290
36292
36294
36298
36302
36306
36310
36314
36316
36318
36320
36324
36328
36330
36332
36334
36338
36342
36346
36348
36350
36352
36356
36360
36362
36364
36366
35686
35690
35694
35698
35700
35704
35708
35710
35714
35718
35272
35274
35276
35278
35282
35286
35290
35294
35296
35300
35304
35318
35322
35326
35330
35332
35334
35338
35722
35726
35728
35732
35736
35740
35746
35750
35754
35756
35758
35760
36042
36046
36050
36052
36054
36056
35762
35766
35770
35774
35778
35780
35782
35786
35790
35792
35794
35796
35798
35802
35806
35810
35812
35814
35816
35820
35822
35824
35936
35940
35944
35946
35948
35950
35826
35830
35834
35838
35840
35842
35846
35850
35852
35854
35856
35858
35862
35866
35870
35874
35876
35878
35882
35886
35888
35890
35892
35894
35898
35902
35906
35910
35914
35918
35922
35926
35930
35932
35934
35936
35940
35944
35946
35948
35950
35826
35830
35834
35838
35840
35842
35846
35850
35852
35854
35856
35858
35862
35866
35870
35874
35876
35878
35882
35886
35888
35890
35892
35894
35898
35902
35906
35910
35914
35918
35922
35926
35930
35932
35934
35936
35940
35944
35946
35948
35950
35826
35830
35834
35838
35840
35842
35846
35850
35852
35854
35856
35858
35862
35866
35870
35874
35876
35878
35882
35886
35888
35890
35892
35894
35898
35902
35906
35910
35914
35918
35922
35926
35930
35932
35934
35936
35940
35944
35946
35948
35950
35826
35830
35834
35838
35840
35842
35846
35850
35852
35854
35856
35858
35862
35866
35870
35874
35876
35878
35882
35886
35888
35890
35892
35894
35898
35902
35906
35910
35914
35918
35922
35926
35930
35932
35934
35936
35940
35944
35946
35948
35950
35952
35956
35960
35964
35966
35970
35974
35976
35980
35984
35988
35992
35996
36000
36004
36006
36008
36012
36016
36018
36020
36022
36024
36028
36032
36036
36038
36040
36042
36046
36050
36052
36054
36056
36060
36064
36068
36070
36072
36074
36320
36324
36328
36330
36332
36334
36076
36080
36082
36084
36088
36092
36096
36098
36102
36106
36108
36110
36112
36114
36118
36122
36126
36128
36130
36244
36248
36252
36254
36256
36258
36132
36136
36138
36140
36144
36148
36150
36154
36158
36160
36162
36164
36166
36170
36174
36178
36182
36184
36186
36190
36194
36196
36198
36200
36202
36206
36210
36214
36218
36222
36226
36230
36234
36238
36240
36242
36244
36248
36252
36254
36256
36258
36132
36136
36138
36140
36144
36148
36150
36154
36158
36160
36162
36164
36166
36170
36174
36178
36182
36184
36186
36190
36194
36196
36198
36200
36202
36206
36210
36214
36218
36222
36226
36230
36234
36238
36240
36242
36244
36248
36252
36254
36256
36258
36132
36136
36138
36140
36144
36148
36150
36154
36158
36160
36162
36164
36166
36170
36174
36178
36182
36184
36186
36190
36194
36196
36198
36200
36202
36206
36210
36214
36218
36222
36226
36230
36234
36238
36240
36242
36244
36248
36252
36254
36256
36258
36132
36136
36138
36140
36144
36148
36150
36154
36158
36160
36162
36164
36166
36170
36174
36178
36182
36184
36186
36190
36194
36196
36198
36200
36202
36206
36210
36214
36218
36222
36226
36230
36234
36238
36240
36242
36244
36248
36252
36254
36256
36258
36132
36136
36138
36140
36144
36148
36150
36154
36158
36160
36162
36164
36166
36170
36174
36178
36182
36184
36186
36190
36194
36196
36198
36200
36202
36206
36210
36214
36218
36222
36226
36230
36234
36238
36240
36242
36244
36248
36252
36254
36256
36258
36260
36264
36266
36268
36272
36276
36278
36282
36286
36288
36290
36292
36294
36298
36302
36306
36310
36314
36316
36318
36320
36324
36328
36330
36332
36334
36338
36342
36346
36348
36350
36352
36356
36360
36362
36364
36366
36370
36374
36378
36382
36386
36390
36394
36396
36398
36588
36592
36596
36598
36600
36602
36400
36404
36408
36412
36416
36418
36420
36422
36426
36430
36434
36436
36438
36532
36536
36540
36542
36544
36546
36440
36444
36448
36452
36454
36456
36460
36464
36466
36468
36470
36472
36476
36480
36484
36486
36488
36490
36494
36498
36502
36506
36510
36514
36518
36522
36526
36528
36530
36532
36536
36540
36542
36544
36546
36548
36552
36556
36558
36560
36562
36566
36570
36574
36578
36582
36584
36586
36588
36592
36596
36598
36600
36602
36400
36404
36408
36412
36416
36418
36420
36422
36426
36430
36434
36436
36438
36532
36536
36540
36542
36544
36546
36440
36444
36448
36452
36454
36456
36460
36464
36466
36468
36470
36472
36476
36480
36484
36486
36488
36490
36494
36498
36502
36506
36510
36514
36518
36522
36526
36528
36530
36532
36536
36540
36542
36544
36546
36440
36444
36448
36452
36454
36456
36460
36464
36466
36468
36470
36472
36476
36480
36484
36486
36488
36490
36494
36498
36502
36506
36510
36514
36518
36522
36526
36528
36530
36532
36536
36540
36542
36544
36546
36548
36552
36556
36558
36560
36562
36566
36570
36574
36578
36582
36584
36586
36588
36592
36596
36598
36600
36602
36400
36404
36408
36412
36416
36418
36420
36422
36426
36430
36434
36436
36438
36532
36536
36540
36542
36544
36546
36440
36444
36448
36452
36454
36456
36460
36464
36466
36468
36470
36472
36476
36480
36484
36486
36488
36490
36494
36498
36502
36506
36510
36514
36518
36522
36526
36528
36530
36532
36536
36540
36542
36544
36546
36440
36444
36448
36452
36454
36456
36460
36464
36466
36468
36470
36472
36476
36480
36484
36486
36488
36490
36494
36498
36502
36506
36510
36514
36518
36522
36526
36528
36530
36532
36536
36540
36542
36544
36546
36440
36444
36448
36452
36454
36456
36460
36464
36466
36468
36470
36472
36476
36480
36484
36486
36488
36490
36494
36498
36502
36506
36510
36514
36518
36522
36526
36528
36530
36532
36536
36540
36542
36544
36546
36548
36552
36556
36558
36560
36562
36566
36570
36574
36578
36582
36584
36586
36588
36592
36596
36598
36600
36602
36400
36404
36408
36412
36416
36418
36420
36422
36426
36430
36434
36436
36438
36532
36536
36540
36542
36544
36546
36440
36444
36448
36452
36454
36456
36460
36464
36466
36468
36470
36472
36476
36480
36484
36486
36488
36490
36494
36498
36502
36506
36510
36514
36518
36522
36526
36528
36530
36532
36536
36540
36542
36544
36546
36440
36444
36448
36452
36454
36456
36460
36464
36466
36468
36470
36472
36476
36480
36484
36486
36488
36490
36494
36498
36502
36506
36510
36514
36518
36522
36526
36528
36530
36532
36536
36540
36542
36544
36546
36440
36444
36448
36452
36454
36456
36460
36464
36466
36468
36470
36472
36476
36480
36484
36486
36488
36490
36494
36498
36502
36506
36510
36514
36518
36522
36526
36528
36530
36532
36536
36540
36542
36544
36546
36440
36444
36448
36452
36454
36456
36460
36464
36466
36468
36470
36472
36476
36480
36484
36486
36488
36490
36494
36498
36502
36506
36510
36514
36518
36522
36526
36528
36530
36532
36536
36540
36542
36544
36546
36548
36552
36556
36558
36560
36562
36566
36570
36574
36578
36582
36584
36586
36588
36592
36596
36598
36600
36602
36400
36404
36408
36412
36416
36418
36420
36422
36426
36430
36434
36436
36438
36532
36536
36540
36542
36544
36546
36440
36444
36448
36452
36454
36456
36460
36464
36466
36468
36470
36472
36476
36480
36484
36486
36488
36490
36494
36498
36502
36506
36510
36514
36518
36522
36526
36528
36530
36532
36536
36540
36542
36544
36546
36440
36444
36448
36452
36454
36456
36460
36464
36466
36468
36470
36472
36476
36480
36484
36486
36488
36490
36494
36498
36502
36506
36510
36514
36518
36522
36526
36528
36530
36532
36536
36540
36542
36544
36546
36440
36444
36448
36452
36454
36456
36460
36464
36466
36468
36470
36472
36476
36480
36484
36486
36488
36490
36494
36498
36502
36506
36510
36514
36518
36522
36526
36528
36530
36532
36536
36540
36542
36544
36546
36440
36444
36448
36452
36454
36456
36460
36464
36466
36468
36470
36472
36476
36480
36484
36486
36488
36490
36494
36498
36502
36506
36510
36514
36518
36522
36526
36528
36530
36532
36536
36540
36542
36544
36546
36440
36444
36448
36452
36454
36456
36460
36464
36466
36468
36470
36472
36476
36480
36484
36486
36488
36490
36494
36498
36502
36506
36510
36514
36518
36522
36526
36528
36530
36532
36536
36540
36542
36544
36546
36548
36552
36556
36558
36560
36562
36566
36570
36574
36578
36582
36584
36586
36588
36592
36596
36598
36600
36602
36604
36608
36612
36614
36616
36618
36622
36626
36630
36634
36636
36640
36644
36646
36650
36654
36658
36662
36666
36668
36670
36672
36676
36680
36684
36686
36688
36690
36922
36926
36928
36930
36692
36696
36700
36704
36706
36708
36710
36714
36718
36722
36726
36728
36730
36732
36830
36834
36838
36840
36842
36844
36734
36738
36742
36746
36748
36750
36754
36758
36760
36762
36764
36766
36770
36774
36778
36782
36784
36786
36788
36792
36796
36800
36804
36808
36812
36816
36820
36824
36826
36828
36830
36834
36838
36840
36842
36844
36846
36850
36854
36858
36860
36864
36868
36870
36874
36878
36882
36886
36890
36894
36898
36900
36902
36904
36908
36912
36916
36918
36920
36922
36926
36928
36930
36692
36696
36700
36704
36706
36708
36710
36714
36718
36722
36726
36728
36730
36732
36830
36834
36838
36840
36842
36844
36734
36738
36742
36746
36748
36750
36754
36758
36760
36762
36764
36766
36770
36774
36778
36782
36784
36786
36788
36792
36796
36800
36804
36808
36812
36816
36820
36824
36826
36828
36830
36834
36838
36840
36842
36844
36734
36738
36742
36746
36748
36750
36754
36758
36760
36762
36764
36766
36770
36774
36778
36782
36784
36786
36788
36792
36796
36800
36804
36808
36812
36816
36820
36824
36826
36828
36830
36834
36838
36840
36842
36844
36846
36850
36854
36858
36860
36864
36868
36870
36874
36878
36882
36886
36890
36894
36898
36900
36902
36904
36908
36912
36916
36918
36920
36922
36926
36928
36930
36692
36696
36700
36704
36706
36708
36710
36714
36718
36722
36726
36728
36730
36732
36830
36834
36838
36840
36842
36844
36734
36738
36742
36746
36748
36750
36754
36758
36760
36762
36764
36766
36770
36774
36778
36782
36784
36786
36788
36792
36796
36800
36804
36808
36812
36816
36820
36824
36826
36828
36830
36834
36838
36840
36842
36844
36734
36738
36742
36746
36748
36750
36754
36758
36760
36762
36764
36766
36770
36774
36778
36782
36784
36786
36788
36792
36796
36800
36804
36808
36812
36816
36820
36824
36826
36828
36830
36834
36838
36840
36842
36844
36734
36738
36742
36746
36748
36750
36754
36758
36760
36762
36764
36766
36770
36774
36778
36782
36784
36786
36788
36792
36796
36800
36804
36808
36812
36816
36820
36824
36826
36828
36830
36834
36838
36840
36842
36844
36846
36850
36854
36858
36860
36864
36868
36870
36874
36878
36882
36886
36890
36894
36898
36900
36902
36904
36908
36912
36916
36918
36920
36922
36926
36928
36930
36692
36696
36700
36704
36706
36708
36710
36714
36718
36722
36726
36728
36730
36732
36830
36834
36838
36840
36842
36844
36734
36738
36742
36746
36748
36750
36754
36758
36760
36762
36764
36766
36770
36774
36778
36782
36784
36786
36788
36792
36796
36800
36804
36808
36812
36816
36820
36824
36826
36828
36830
36834
36838
36840
36842
36844
36734
36738
36742
36746
36748
36750
36754
36758
36760
36762
36764
36766
36770
36774
36778
36782
36784
36786
36788
36792
36796
36800
36804
36808
36812
36816
36820
36824
36826
36828
36830
36834
36838
36840
36842
36844
36734
36738
36742
36746
36748
36750
36754
36758
36760
36762
36764
36766
36770
36774
36778
36782
36784
36786
36788
36792
36796
36800
36804
36808
36812
36816
36820
36824
36826
36828
36830
36834
36838
36840
36842
36844
36734
36738
36742
36746
36748
36750
36754
36758
36760
36762
36764
36766
36770
36774
36778
36782
36784
36786
36788
36792
36796
36800
36804
36808
36812
36816
36820
36824
36826
36828
36830
36834
36838
36840
36842
36844
36846
36850
36854
36858
36860
36864
36868
36870
36874
36878
36882
36886
36890
36894
36898
36900
36902
36904
36908
36912
36916
36918
36920
36922
36926
36928
36930
36692
36696
36700
36704
36706
36708
36710
36714
36718
36722
36726
36728
36730
36732
36830
36834
36838
36840
36842
36844
36734
36738
36742
36746
36748
36750
36754
36758
36760
36762
36764
36766
36770
36774
36778
36782
36784
36786
36788
36792
36796
36800
36804
36808
36812
36816
36820
36824
36826
36828
36830
36834
36838
36840
36842
36844
36734
36738
36742
36746
36748
36750
36754
36758
36760
36762
36764
36766
36770
36774
36778
36782
36784
36786
36788
36792
36796
36800
36804
36808
36812
36816
36820
36824
36826
36828
36830
36834
36838
36840
36842
36844
36734
36738
36742
36746
36748
36750
36754
36758
36760
36762
36764
36766
36770
36774
36778
36782
36784
36786
36788
36792
36796
36800
36804
36808
36812
36816
36820
36824
36826
36828
36830
36834
36838
36840
36842
36844
36734
36738
36742
36746
36748
36750
36754
36758
36760
36762
36764
36766
36770
36774
36778
36782
36784
36786
36788
36792
36796
36800
36804
36808
36812
36816
36820
36824
36826
36828
36830
36834
36838
36840
36842
36844
36734
36738
36742
36746
36748
36750
36754
36758
36760
36762
36764
36766
36770
36774
36778
36782
36784
36786
36788
36792
36796
36800
36804
36808
36812
36816
36820
36824
36826
36828
36830
36834
36838
36840
36842
36844
36846
36850
36854
36858
36860
36864
36868
36870
36874
36878
36882
36886
36890
36894
36898
36900
36902
36904
36908
36912
36916
36918
36920
36922
36926
36928
36930
36932
36934
36936
36940
36942
35602
35604
35606
35608
35610
35612
