3204447644
3204447648
3204447652
35576
3204447632
3204447624
3204447624
3204447628
3204447628
3204447624
3204447628
446592
3204447624
3204447628
454048
3204447628
3204447628
3204447628
3204447624
3204447628
446600
3204447624
3204447628
454056
3204447628
3204447628
3204447628
3204447624
3204447628
446608
3204447624
3204447628
454064
3204447628
3204447628
3204447628
3204447624
3204447624
3204447624
3204447628
3204447628
3204447624
3204447628
446616
3204447624
3204447628
454072
3204447628
3204447628
3204447628
3204447624
3204447628
446624
3204447624
3204447628
454080
3204447628
3204447628
3204447628
3204447624
3204447628
446632
3204447624
3204447628
454088
3204447628
3204447628
3204447628
3204447624
3204447624
3204447624
3204447628
3204447628
3204447624
3204447628
446640
3204447624
3204447628
454096
3204447628
3204447628
3204447628
3204447624
3204447628
446648
3204447624
3204447628
454104
3204447628
3204447628
3204447628
3204447624
3204447628
446656
3204447624
3204447628
454112
3204447628
3204447628
3204447628
3204447624
3204447624
3204447624
3204447632
3204447612
3204447616
3204447620
3204445524
3204445520
3204445512
3204445524
3204445524
3204445512
3204445584
3204445532
3204445532
3204445524
3204445532
3204445532
3204445608
3204445532
3204445532
3204445532
3204445524
3204445532
3204445532
3204445612
3204445532
3204445532
3204445532
3204445524
3204445532
3204445532
3204445616
3204445532
3204445532
3204445532
3204445524
3204445540
3204445540
3204445524
3204445576
3204445540
3204445532
3204445532
3204445524
3204445532
3204445540
446592
3204445508
3204445488
3204445488
3204445488
3204445496
3204445496
3204445508
3204445568
3204445568
3204445576
3204445568
3204445576
3204445532
3204445544
3204445532
3204445532
3204445532
3204445524
3204445532
3204445540
446616
3204445508
3204445488
3204445488
3204445488
3204445496
3204445496
3204445508
3204445568
3204445568
3204445576
3204445568
3204445576
3204445532
3204445544
3204445532
3204445532
3204445532
3204445524
3204445532
3204445540
446640
3204445508
3204445488
3204445488
3204445488
3204445496
3204445496
3204445508
3204445568
3204445568
3204445576
3204445532
3204445532
3204445532
3204445524
3204445544
3204445540
446616
3204445592
3204445592
3204445508
3204445488
3204445488
3204445488
3204445496
3204445496
3204445508
3204445600
3204445600
3204445512
3204445584
3204445592
3204445584
3204445540
3204445520
3204445548
3204445544
3204445520
3204445552
3204445544
3204445540
3204445568
3204445584
3204445540
3204445608
3204445556
3204445544
3204445612
3204445540
3204445608
3204445544
3204445556
3204445612
3204445536
3204445536
3204445524
3204445548
3204445536
3204445560
3204445552
3204445536
3204445564
3204445540
3204445536
446592
3204445568
3204445544
3204445536
446616
3204445540
3204445536
446592
3204445544
3204445536
3204445568
446616
3204445536
3204445536
3204445536
3204445524
3204445548
3204445536
3204445560
3204445552
3204445536
3204445564
3204445540
3204445536
446600
3204445568
3204445544
3204445536
446624
3204445540
3204445536
446600
3204445544
3204445536
3204445568
446624
3204445536
3204445536
3204445536
3204445524
3204445548
3204445536
3204445560
3204445552
3204445536
3204445564
3204445540
3204445536
446608
3204445568
3204445544
3204445536
446632
3204445540
3204445536
446608
3204445544
3204445536
3204445568
446632
3204445536
3204445536
3204445536
3204445524
3204445532
3204445532
3204445524
3204445540
3204445532
446592
3204445592
3204445540
3204445532
446592
3204445532
3204445532
3204445532
3204445524
3204445540
3204445532
446600
3204445592
3204445540
3204445532
446600
3204445532
3204445532
3204445532
3204445524
3204445540
3204445532
446608
3204445592
3204445540
3204445532
446608
3204445532
3204445532
3204445532
3204445524
3204445532
3204445532
3204445524
3204445532
3204445540
3204445532
3204445532
3204445532
3204445524
3204445532
3204445540
3204445532
3204445520
3204445552
3204445552
3204445540
3204445560
3204445532
3204445540
446616
3204445568
3204445568
3204445536
3204445536
3204445524
3204445536
3204445540
3204445536
3204445536
3204445536
3204445524
3204445536
3204445540
3204445532
3204445536
446624
3204445540
3204445536
446600
3204445568
3204445532
3204445536
446624
3204445536
3204445536
3204445536
3204445524
3204445536
3204445540
3204445532
3204445536
446632
3204445540
3204445536
446608
3204445568
3204445532
3204445536
446632
3204445536
3204445536
3204445536
3204445524
3204445568
3204445592
3204445532
3204445540
446616
3204445532
3204445532
3204445532
3204445524
3204445532
3204445540
3204445532
3204445520
3204445552
3204445552
3204445540
3204445560
3204445532
3204445540
446640
3204445568
3204445568
3204445536
3204445536
3204445524
3204445536
3204445540
3204445536
3204445536
3204445536
3204445524
3204445536
3204445540
3204445532
3204445536
446648
3204445540
3204445536
446600
3204445568
3204445532
3204445536
446648
3204445536
3204445536
3204445536
3204445524
3204445536
3204445540
3204445532
3204445536
446656
3204445540
3204445536
446608
3204445568
3204445532
3204445536
446656
3204445536
3204445536
3204445536
3204445524
3204445568
3204445592
3204445532
3204445540
446640
3204445532
3204445532
3204445532
3204445524
3204445592
3204445540
446592
3204445540
3204445540
3204445540
3204445524
3204445576
3204445540
3204445532
3204445532
3204445524
3204445532
3204445540
446624
3204445508
3204445488
3204445488
3204445488
3204445496
3204445496
3204445508
3204445568
3204445568
3204445576
3204445568
3204445576
3204445532
3204445544
3204445532
3204445532
3204445532
3204445524
3204445532
3204445540
446648
3204445508
3204445488
3204445488
3204445488
3204445496
3204445496
3204445508
3204445568
3204445568
3204445576
3204445568
3204445576
3204445532
3204445544
3204445532
3204445532
3204445532
3204445524
3204445544
3204445540
446648
3204445592
3204445592
3204445508
3204445488
3204445488
3204445488
3204445496
3204445496
3204445508
3204445600
3204445600
3204445512
3204445584
3204445592
3204445584
3204445540
3204445520
3204445548
3204445544
3204445520
3204445552
3204445544
3204445540
3204445568
3204445584
3204445540
3204445612
3204445556
3204445544
3204445616
3204445540
3204445612
3204445544
3204445556
3204445616
3204445536
3204445536
3204445524
3204445548
3204445536
3204445560
3204445552
3204445536
3204445564
3204445540
3204445536
446616
3204445568
3204445544
3204445536
446640
3204445540
3204445536
446616
3204445544
3204445536
3204445568
446640
3204445536
3204445536
3204445536
3204445524
3204445548
3204445536
3204445560
3204445552
3204445536
3204445564
3204445540
3204445536
446624
3204445568
3204445544
3204445536
446648
3204445540
3204445536
446624
3204445544
3204445536
3204445568
446648
3204445536
3204445536
3204445536
3204445524
3204445548
3204445536
3204445560
3204445552
3204445536
3204445564
3204445540
3204445536
446632
3204445568
3204445544
3204445536
446656
3204445540
3204445536
446632
3204445544
3204445536
3204445568
446656
3204445536
3204445536
3204445536
3204445524
3204445532
3204445532
3204445524
3204445540
3204445532
446616
3204445592
3204445540
3204445532
446616
3204445532
3204445532
3204445532
3204445524
3204445540
3204445532
446624
3204445592
3204445540
3204445532
446624
3204445532
3204445532
3204445532
3204445524
3204445540
3204445532
446632
3204445592
3204445540
3204445532
446632
3204445532
3204445532
3204445532
3204445524
3204445532
3204445532
3204445524
3204445532
3204445540
3204445532
3204445520
3204445552
3204445552
3204445540
3204445560
3204445532
3204445540
446600
3204445568
3204445568
3204445532
3204445532
3204445532
3204445524
3204445532
3204445540
3204445532
3204445532
3204445532
3204445524
3204445532
3204445540
3204445532
3204445520
3204445552
3204445552
3204445540
3204445560
3204445532
3204445540
446648
3204445568
3204445568
3204445536
3204445536
3204445524
3204445536
3204445540
3204445532
3204445536
446640
3204445540
3204445536
446616
3204445568
3204445532
3204445536
446640
3204445536
3204445536
3204445536
3204445524
3204445536
3204445540
3204445536
3204445536
3204445536
3204445524
3204445536
3204445540
3204445532
3204445536
446656
3204445540
3204445536
446632
3204445568
3204445532
3204445536
446656
3204445536
3204445536
3204445536
3204445524
3204445568
3204445592
3204445532
3204445540
446648
3204445532
3204445532
3204445532
3204445524
3204445592
3204445540
446624
3204445540
3204445540
3204445540
3204445524
3204445576
3204445540
3204445532
3204445532
3204445524
3204445532
3204445540
446656
3204445508
3204445488
3204445488
3204445488
3204445496
3204445496
3204445508
3204445568
3204445568
3204445576
3204445568
3204445576
3204445532
3204445544
3204445532
3204445532
3204445532
3204445524
3204445544
3204445540
446656
3204445592
3204445592
3204445508
3204445488
3204445488
3204445488
3204445496
3204445496
3204445508
3204445600
3204445600
3204445512
3204445584
3204445592
3204445584
3204445540
3204445520
3204445548
3204445544
3204445520
3204445552
3204445544
3204445540
3204445532
3204445532
3204445524
3204445540
3204445532
446640
3204445592
3204445540
3204445532
446640
3204445532
3204445532
3204445532
3204445524
3204445540
3204445532
446648
3204445592
3204445540
3204445532
446648
3204445532
3204445532
3204445532
3204445524
3204445540
3204445532
446656
3204445592
3204445540
3204445532
446656
3204445532
3204445532
3204445532
3204445524
3204445532
3204445532
3204445524
3204445532
3204445540
3204445532
3204445520
3204445552
3204445552
3204445540
3204445560
3204445532
3204445540
446608
3204445568
3204445568
3204445536
3204445536
3204445524
3204445536
3204445540
3204445532
3204445536
446592
3204445540
3204445536
446640
3204445568
3204445532
3204445536
446592
3204445536
3204445536
3204445536
3204445524
3204445536
3204445540
3204445532
3204445536
446600
3204445540
3204445536
446648
3204445568
3204445532
3204445536
446600
3204445536
3204445536
3204445536
3204445524
3204445536
3204445540
3204445536
3204445536
3204445536
3204445524
3204445568
3204445592
3204445532
3204445540
446608
3204445532
3204445532
3204445532
3204445524
3204445532
3204445540
3204445532
3204445520
3204445552
3204445552
3204445540
3204445560
3204445532
3204445540
446632
3204445568
3204445568
3204445536
3204445536
3204445524
3204445536
3204445540
3204445532
3204445536
446616
3204445540
3204445536
446640
3204445568
3204445532
3204445536
446616
3204445536
3204445536
3204445536
3204445524
3204445536
3204445540
3204445532
3204445536
446624
3204445540
3204445536
446648
3204445568
3204445532
3204445536
446624
3204445536
3204445536
3204445536
3204445524
3204445536
3204445540
3204445536
3204445536
3204445536
3204445524
3204445568
3204445592
3204445532
3204445540
446632
3204445532
3204445532
3204445532
3204445524
3204445532
3204445540
3204445532
3204445532
3204445532
3204445524
3204445592
3204445540
446656
3204445540
3204445540
3204445540
3204445524
3204445532
3204445532
3204445524
3204445532
3204445608
3204445540
3204445540
3204445532
3204445540
3204445612
3204445556
3204445532
3204445608
3204445540
3204445612
3204445532
3204445556
3204445608
3204445536
3204445536
3204445524
3204445536
3204445520
3204445548
3204445548
3204445532
3204445560
3204445548
3204445540
3204445564
3204445540
3204445532
446616
3204445568
3204445540
446624
3204445540
3204445532
446616
3204445540
3204445568
446624
3204445536
3204445536
3204445536
3204445524
3204445536
3204445520
3204445548
3204445548
3204445532
3204445560
3204445548
3204445540
3204445564
3204445540
3204445532
446616
3204445568
3204445540
446624
3204445540
3204445532
446616
3204445540
3204445568
446624
3204445536
3204445536
3204445536
3204445524
3204445536
3204445520
3204445548
3204445548
3204445532
3204445560
3204445548
3204445540
3204445564
3204445540
3204445532
446616
3204445568
3204445540
446624
3204445540
3204445532
446616
3204445540
3204445568
446624
3204445536
3204445536
3204445536
3204445524
3204445532
3204445608
3204445540
3204445540
3204445532
3204445540
3204445616
3204445556
3204445532
3204445608
3204445540
3204445616
3204445532
3204445556
3204445608
3204445536
3204445536
3204445524
3204445536
3204445520
3204445548
3204445548
3204445532
3204445560
3204445548
3204445540
3204445564
3204445540
3204445532
446640
3204445568
3204445540
446656
3204445540
3204445532
446640
3204445540
3204445568
446656
3204445536
3204445536
3204445536
3204445524
3204445536
3204445520
3204445548
3204445548
3204445532
3204445560
3204445548
3204445540
3204445564
3204445540
3204445532
446640
3204445568
3204445540
446656
3204445540
3204445532
446640
3204445540
3204445568
446656
3204445536
3204445536
3204445536
3204445524
3204445536
3204445520
3204445548
3204445548
3204445532
3204445560
3204445548
3204445540
3204445564
3204445540
3204445532
446640
3204445568
3204445540
446656
3204445540
3204445532
446640
3204445540
3204445568
446656
3204445536
3204445536
3204445536
3204445524
3204445532
3204445608
3204445540
3204445540
3204445532
3204445532
3204445532
3204445532
3204445524
3204445532
3204445612
3204445540
3204445540
3204445532
3204445532
3204445532
3204445532
3204445524
3204445532
3204445616
3204445540
3204445540
3204445532
3204445532
3204445532
3204445532
3204445524
3204445584
453968
3204447612
3204447620
3204447624
3204447624
3204447628
3204447628
3204447624
3204447628
446592
3204447624
3204447628
453976
3204447628
3204447628
3204447628
3204447624
3204447628
446600
3204447624
3204447628
453984
3204447628
3204447628
3204447628
3204447624
3204447628
446608
3204447624
3204447628
453992
3204447628
3204447628
3204447628
3204447624
3204447624
3204447624
3204447628
3204447628
3204447624
3204447628
446616
3204447624
3204447628
454000
3204447628
3204447628
3204447628
3204447624
3204447628
446624
3204447624
3204447628
454008
3204447628
3204447628
3204447628
3204447624
3204447628
446632
3204447624
3204447628
454016
3204447628
3204447628
3204447628
3204447624
3204447624
3204447624
3204447628
3204447628
3204447624
3204447628
446640
3204447624
3204447628
454024
3204447628
3204447628
3204447628
3204447624
3204447628
446648
3204447624
3204447628
454032
3204447628
3204447628
3204447628
3204447624
3204447628
446656
3204447624
3204447628
454040
3204447628
3204447628
3204447628
3204447624
3204447624
3204447624
3204447620
3204447580
3204447576
3204447572
3204447568
3204447580
3204447600
3204447568
3204447604
3204447600
3204447572
3204447604
3204447576
3204447572
3204447588
3204447588
3204447600
3204447592
3204447592
3204447604
3204447608
3204447596
3204447596
3204447572
3204447588
3204447596
446592
3204447596
3204447592
453896
3204447608
3204447608
3204447596
3204447596
3204447596
3204447572
3204447588
3204447596
446600
3204447596
3204447592
453920
3204447608
3204447608
3204447596
3204447596
3204447596
3204447572
3204447588
3204447596
446608
3204447596
3204447592
453944
3204447608
3204447608
3204447596
3204447596
3204447596
3204447572
3204447588
3204447592
3204447608
454120
3204447592
3204447592
3204447592
3204447604
3204447608
3204447596
3204447596
3204447572
3204447588
3204447596
446592
3204447596
3204447592
453904
3204447608
3204447608
3204447596
3204447596
3204447596
3204447572
3204447588
3204447596
446600
3204447596
3204447592
453928
3204447608
3204447608
3204447596
3204447596
3204447596
3204447572
3204447588
3204447596
446608
3204447596
3204447592
453952
3204447608
3204447608
3204447596
3204447596
3204447596
3204447572
3204447588
3204447592
3204447608
454128
3204447592
3204447592
3204447592
3204447604
3204447608
3204447596
3204447596
3204447572
3204447588
3204447596
446592
3204447596
3204447592
453912
3204447608
3204447608
3204447596
3204447596
3204447596
3204447572
3204447588
3204447596
446600
3204447596
3204447592
453936
3204447608
3204447608
3204447596
3204447596
3204447596
3204447572
3204447588
3204447596
446608
3204447596
3204447592
453960
3204447608
3204447608
3204447596
3204447596
3204447596
3204447572
3204447588
3204447592
3204447608
454136
3204447592
3204447592
3204447592
3204447604
3204447588
3204447588
3204447588
3204447600
3204447592
3204447592
3204447604
3204447608
3204447596
3204447596
3204447572
3204447588
3204447596
446616
3204447596
3204447592
453896
3204447608
3204447608
3204447596
3204447596
3204447596
3204447572
3204447588
3204447596
446624
3204447596
3204447592
453920
3204447608
3204447608
3204447596
3204447596
3204447596
3204447572
3204447588
3204447596
446632
3204447596
3204447592
453944
3204447608
3204447608
3204447596
3204447596
3204447596
3204447572
3204447588
3204447592
3204447608
454144
3204447592
3204447592
3204447592
3204447604
3204447608
3204447596
3204447596
3204447572
3204447588
3204447596
446616
3204447596
3204447592
453904
3204447608
3204447608
3204447596
3204447596
3204447596
3204447572
3204447588
3204447596
446624
3204447596
3204447592
453928
3204447608
3204447608
3204447596
3204447596
3204447596
3204447572
3204447588
3204447596
446632
3204447596
3204447592
453952
3204447608
3204447608
3204447596
3204447596
3204447596
3204447572
3204447588
3204447592
3204447608
454152
3204447592
3204447592
3204447592
3204447604
3204447608
3204447596
3204447596
3204447572
3204447588
3204447596
446616
3204447596
3204447592
453912
3204447608
3204447608
3204447596
3204447596
3204447596
3204447572
3204447588
3204447596
446624
3204447596
3204447592
453936
3204447608
3204447608
3204447596
3204447596
3204447596
3204447572
3204447588
3204447596
446632
3204447596
3204447592
453960
3204447608
3204447608
3204447596
3204447596
3204447596
3204447572
3204447588
3204447592
3204447608
454160
3204447592
3204447592
3204447592
3204447604
3204447588
3204447588
3204447588
3204447600
3204447592
3204447592
3204447604
3204447608
3204447596
3204447596
3204447572
3204447588
3204447596
446640
3204447596
3204447592
453896
3204447608
3204447608
3204447596
3204447596
3204447596
3204447572
3204447588
3204447596
446648
3204447596
3204447592
453920
3204447608
3204447608
3204447596
3204447596
3204447596
3204447572
3204447588
3204447596
446656
3204447596
3204447592
453944
3204447608
3204447608
3204447596
3204447596
3204447596
3204447572
3204447588
3204447592
3204447608
454168
3204447592
3204447592
3204447592
3204447604
3204447608
3204447596
3204447596
3204447572
3204447588
3204447596
446640
3204447596
3204447592
453904
3204447608
3204447608
3204447596
3204447596
3204447596
3204447572
3204447588
3204447596
446648
3204447596
3204447592
453928
3204447608
3204447608
3204447596
3204447596
3204447596
3204447572
3204447588
3204447596
446656
3204447596
3204447592
453952
3204447608
3204447608
3204447596
3204447596
3204447596
3204447572
3204447588
3204447592
3204447608
454176
3204447592
3204447592
3204447592
3204447604
3204447608
3204447596
3204447596
3204447572
3204447588
3204447596
446640
3204447596
3204447592
453912
3204447608
3204447608
3204447596
3204447596
3204447596
3204447572
3204447588
3204447596
446648
3204447596
3204447592
453936
3204447608
3204447608
3204447596
3204447596
3204447596
3204447572
3204447588
3204447596
446656
3204447596
3204447592
453960
3204447608
3204447608
3204447596
3204447596
3204447596
3204447572
3204447588
3204447592
3204447608
454184
3204447592
3204447592
3204447592
3204447604
3204447588
3204447588
3204447588
3204447600
3204447620
3204447644
3204447652
