35340
35342
35344
35346
35348
35352
35356
35358
35360
35442
35444
35446
35362
35364
35366
35430
35432
35434
35368
35372
35376
35378
35380
35382
35384
35386
35388
35390
35392
35396
35400
35404
35406
35408
35410
35412
35414
35416
35418
35420
35424
35426
35428
35430
35432
35434
35368
35372
35376
35378
35380
35382
35384
35386
35388
35390
35392
35396
35400
35404
35406
35408
35410
35412
35414
35416
35418
35420
35424
35426
35428
35430
35432
35434
35368
35372
35376
35378
35380
35382
35384
35386
35388
35390
35392
35396
35400
35404
35406
35408
35410
35412
35414
35416
35418
35420
35424
35426
35428
35430
35432
35434
35436
35438
35440
35442
35444
35446
35362
35364
35366
35430
35432
35434
35368
35372
35376
35378
35380
35382
35384
35386
35388
35390
35392
35396
35400
35404
35406
35408
35410
35412
35414
35416
35418
35420
35424
35426
35428
35430
35432
35434
35368
35372
35376
35378
35380
35382
35384
35386
35388
35390
35392
35396
35400
35404
35406
35408
35410
35412
35414
35416
35418
35420
35424
35426
35428
35430
35432
35434
35368
35372
35376
35378
35380
35382
35384
35386
35388
35390
35392
35396
35400
35404
35406
35408
35410
35412
35414
35416
35418
35420
35424
35426
35428
35430
35432
35434
35436
35438
35440
35442
35444
35446
35362
35364
35366
35430
35432
35434
35368
35372
35376
35378
35380
35382
35384
35386
35388
35390
35392
35396
35400
35404
35406
35408
35410
35412
35414
35416
35418
35420
35424
35426
35428
35430
35432
35434
35368
35372
35376
35378
35380
35382
35384
35386
35388
35390
35392
35396
35400
35404
35406
35408
35410
35412
35414
35416
35418
35420
35424
35426
35428
35430
35432
35434
35368
35372
35376
35378
35380
35382
35384
35386
35388
35390
35392
35396
35400
35404
35406
35408
35410
35412
35414
35416
35418
35420
35424
35426
35428
35430
35432
35434
35436
35438
35440
35442
35444
35446
35448
35450
35452
35456
35828
35830
35834
35836
35840
35842
35846
35848
35850
35854
35858
35860
35862
35864
35868
35870
35874
35876
35878
35882
35886
35890
35898
35902
35906
35910
35914
35918
35922
35924
35926
35962
35966
35970
35972
35974
35976
35928
35932
35936
35938
35942
35944
35948
35952
35956
35958
35960
35962
35966
35970
35972
35974
35976
35928
35932
35936
35938
35942
35944
35948
35952
35956
35958
35960
35962
35966
35970
35972
35974
35976
35928
35932
35936
35938
35942
35944
35948
35952
35956
35958
35960
35962
35966
35970
35972
35974
35976
35978
35982
35984
35986
37264
37268
37272
37274
37276
37278
35988
35992
35996
36000
36004
36008
36012
36014
36016
36138
36142
36146
36148
36150
36152
36018
36022
36026
36030
36032
36034
36036
36038
36042
36044
36046
36048
36050
36054
36058
36062
35272
35274
35276
35278
35282
35286
35290
35294
35296
35300
35304
35318
35322
35326
35330
35332
35334
35338
36066
36070
36074
36078
36082
36086
36090
36094
36096
36100
36104
36108
36112
36116
36120
36122
36124
36128
36132
36134
36136
36138
36142
36146
36148
36150
36152
36018
36022
36026
36030
36032
36034
36036
36038
36042
36044
36046
36048
36050
36054
36058
36062
35272
35274
35276
35278
35282
35286
35290
35294
35296
35300
35304
35318
35322
35326
35330
35332
35334
35338
36066
36070
36074
36078
36082
36086
36090
36094
36096
36100
36104
36108
36112
36116
36120
36122
36124
36128
36132
36134
36136
36138
36142
36146
36148
36150
36152
36018
36022
36026
36030
36032
36034
36036
36038
36042
36044
36046
36048
36050
36054
36058
36062
35272
35274
35276
35278
35282
35286
35290
35294
35296
35300
35304
35318
35322
35326
35330
35332
35334
35338
36066
36070
36074
36078
36082
36086
36090
36094
36124
36128
36132
36134
36136
36138
36142
36146
36148
36150
36152
36154
36158
36162
36166
36170
36172
36174
36176
36178
36182
36184
36186
36188
36190
36194
36198
36202
36206
36210
35272
35274
35276
35278
35282
35286
35290
35294
35296
35300
35304
35318
35322
35326
35330
35332
35334
35338
36214
36218
36222
36224
36228
36232
36236
36240
36266
36270
36274
36278
36282
36286
36290
36294
36298
36302
36306
36308
36310
36314
36316
36320
36324
36328
36330
36332
36336
36338
36342
36346
36348
36350
36352
36356
36360
36364
36368
36372
36376
36380
36384
36388
36390
36394
36396
36400
36404
36406
36410
36414
36418
36420
36424
36428
36432
36434
36438
36440
36444
36448
36450
36452
36668
36672
36676
36678
36680
36682
36454
36458
36462
36466
36468
36470
36472
36474
36478
36482
36486
36488
36490
36492
36494
36498
36502
36506
36510
36512
36514
36516
36518
36522
36524
36526
36528
36530
36534
36538
36542
36546
36550
36552
36554
36556
36558
36562
36564
36566
36568
36570
36574
36578
36582
36586
36588
36590
36592
36594
36598
36600
36602
36604
36606
36610
36614
36618
36622
36624
36626
36628
36630
36634
36636
36638
36640
36642
36646
36650
36654
36658
36662
36664
36666
36668
36672
36676
36678
36680
36682
36454
36458
36462
36466
36468
36470
36472
36474
36478
36482
36486
36488
36490
36492
36494
36498
36502
36506
36510
36512
36514
36516
36518
36522
36524
36526
36528
36530
36534
36538
36542
36546
36550
36552
36554
36556
36558
36562
36564
36566
36568
36570
36574
36578
36582
36586
36588
36590
36592
36594
36598
36600
36602
36604
36606
36610
36614
36618
36622
36624
36626
36628
36630
36634
36636
36638
36640
36642
36646
36650
36654
36658
36662
36664
36666
36668
36672
36676
36678
36680
36682
36454
36458
36462
36466
36468
36470
36472
36474
36478
36482
36486
36488
36490
36492
36494
36498
36502
36506
36510
36512
36514
36516
36518
36522
36524
36526
36528
36530
36534
36538
36542
36546
36550
36552
36554
36556
36558
36562
36564
36566
36568
36570
36574
36578
36582
36586
36588
36590
36592
36594
36598
36600
36602
36604
36606
36610
36614
36618
36622
36624
36626
36628
36630
36634
36636
36638
36640
36642
36646
36650
36654
36658
36662
36664
36666
36668
36672
36676
36678
36680
36682
36684
36688
36690
36692
36792
36796
36800
36802
36804
36806
36694
36698
36702
36706
36708
36710
36712
36714
36718
36720
36722
36724
36726
36730
36734
36738
36742
36746
36750
36754
36756
36758
36760
36762
36766
36768
36770
36772
36774
36778
36782
36786
36788
36790
36792
36796
36800
36802
36804
36806
36694
36698
36702
36706
36708
36710
36712
36714
36718
36720
36722
36724
36726
36730
36734
36738
36742
36746
36750
36754
36756
36758
36760
36762
36766
36768
36770
36772
36774
36778
36782
36786
36788
36790
36792
36796
36800
36802
36804
36806
36694
36698
36702
36706
36708
36710
36712
36714
36718
36720
36722
36724
36726
36730
36734
36738
36742
36746
36750
36754
36756
36758
36760
36762
36766
36768
36770
36772
36774
36778
36782
36786
36788
36790
36792
36796
36800
36802
36804
36806
36808
36812
36814
36816
37194
37198
37202
37204
37206
37208
36818
36822
36826
36828
36830
36832
37180
37184
37188
37190
37192
37194
37198
37202
37204
37206
37208
36818
36822
36826
36828
36830
36832
36836
36840
36844
36848
36850
36852
36856
36858
36862
36866
36870
36872
36874
36876
36878
36882
36886
36890
36894
36896
36898
36900
36902
36906
36908
36910
36912
36914
36918
36922
36926
36930
36934
36938
36940
36944
36946
36948
37104
37108
37112
37114
37116
37118
36950
36954
36958
36960
36962
36964
37090
37094
37098
37100
37102
37104
37108
37112
37114
37116
37118
36950
36954
36958
36960
36962
36964
36966
36970
36974
36978
36980
36982
36984
36986
36990
36992
36994
36996
36998
37002
37006
37010
37014
37016
37018
37020
37022
37026
37028
37030
37032
37034
37038
37042
37046
37050
37054
37058
37062
37066
37068
37070
37072
37074
37078
37080
37082
37084
37086
37090
37094
37098
37100
37102
37104
37108
37112
37114
37116
37118
36950
36954
36958
36960
36962
36964
36966
36970
36974
36978
36980
36982
36984
36986
36990
36992
36994
36996
36998
37002
37006
37010
37014
37016
37018
37020
37022
37026
37028
37030
37032
37034
37038
37042
37046
37050
37054
37058
37062
37066
37068
37070
37072
37074
37078
37080
37082
37084
37086
37090
37094
37098
37100
37102
37104
37108
37112
37114
37116
37118
37120
37124
37128
37132
37136
37140
37144
37148
37152
37156
37158
37160
37162
37164
37168
37170
37172
37174
37176
37180
37184
37188
37190
37192
37194
37198
37202
37204
37206
37208
36818
36822
36826
36828
36830
36832
36836
36840
36844
36848
36850
36852
36856
36858
36862
36866
36870
36872
36874
36876
36878
36882
36886
36890
36894
36896
36898
36900
36902
36906
36908
36910
36912
36914
36918
36922
36926
36930
36934
36938
36940
36944
36946
36948
37104
37108
37112
37114
37116
37118
36950
36954
36958
36960
36962
36964
37090
37094
37098
37100
37102
37104
37108
37112
37114
37116
37118
36950
36954
36958
36960
36962
36964
36966
36970
36974
36978
36980
36982
36984
36986
36990
36992
36994
36996
36998
37002
37006
37010
37014
37016
37018
37020
37022
37026
37028
37030
37032
37034
37038
37042
37046
37050
37054
37058
37062
37066
37068
37070
37072
37074
37078
37080
37082
37084
37086
37090
37094
37098
37100
37102
37104
37108
37112
37114
37116
37118
36950
36954
36958
36960
36962
36964
36966
36970
36974
36978
36980
36982
36984
36986
36990
36992
36994
36996
36998
37002
37006
37010
37014
37016
37018
37020
37022
37026
37028
37030
37032
37034
37038
37042
37046
37050
37054
37058
37062
37066
37068
37070
37072
37074
37078
37080
37082
37084
37086
37090
37094
37098
37100
37102
37104
37108
37112
37114
37116
37118
37120
37124
37128
37132
37136
37140
37144
37148
37152
37156
37158
37160
37162
37164
37168
37170
37172
37174
37176
37180
37184
37188
37190
37192
37194
37198
37202
37204
37206
37208
37212
37216
37220
37224
37228
37232
37236
37240
37242
37244
37246
37250
37254
37258
37260
37262
37264
37268
37272
37274
37276
37278
35988
35992
35996
36000
36004
36008
36012
36014
36016
36138
36142
36146
36148
36150
36152
36018
36022
36026
36030
36032
36034
36036
36038
36042
36044
36046
36048
36050
36054
36058
36062
35272
35274
35276
35278
35282
35286
35290
35294
35306
35310
35314
35318
35322
35326
35330
35332
35334
35338
36066
36070
36074
36078
36082
36086
36090
36094
36096
36100
36104
36108
36112
36116
36120
36122
36124
36128
36132
36134
36136
36138
36142
36146
36148
36150
36152
36018
36022
36026
36030
36032
36034
36036
36038
36042
36044
36046
36048
36050
36054
36058
36062
35272
35274
35276
35278
35282
35286
35290
35294
35306
35310
35314
35318
35322
35326
35330
35332
35334
35338
36066
36070
36074
36078
36082
36086
36090
36094
36096
36100
36104
36108
36112
36116
36120
36122
36124
36128
36132
36134
36136
36138
36142
36146
36148
36150
36152
36154
36158
36162
36166
36170
36172
36174
36176
36178
36182
36184
36186
36188
36190
36194
36198
36202
36206
36210
35272
35274
35276
35278
35282
35286
35290
35294
35306
35310
35314
35318
35322
35326
35330
35332
35334
35338
36214
36218
36222
36224
36228
36232
36236
36240
36266
36270
36274
36278
36282
36286
36290
36294
36298
36302
36306
36308
36310
36314
36316
36320
36324
36328
36330
36332
36336
36338
36342
36346
36348
36350
36352
36356
36360
36364
36368
36372
36376
36380
36384
36388
36390
36394
36396
36400
36404
36406
36410
36414
36418
36420
36424
36428
36432
36434
36438
36440
36444
36448
36450
36452
36668
36672
36676
36678
36680
36682
36454
36458
36462
36466
36468
36470
36472
36474
36478
36482
36486
36488
36490
36492
36494
36498
36502
36506
36510
36512
36514
36516
36518
36522
36524
36526
36528
36530
36534
36538
36542
36546
36550
36552
36554
36556
36558
36562
36564
36566
36568
36570
36574
36578
36582
36586
36588
36590
36592
36594
36598
36600
36602
36604
36606
36610
36614
36618
36622
36624
36626
36628
36630
36634
36636
36638
36640
36642
36646
36650
36654
36658
36662
36664
36666
36668
36672
36676
36678
36680
36682
36454
36458
36462
36466
36468
36470
36472
36474
36478
36482
36486
36488
36490
36492
36494
36498
36502
36506
36510
36512
36514
36516
36518
36522
36524
36526
36528
36530
36534
36538
36542
36546
36550
36552
36554
36556
36558
36562
36564
36566
36568
36570
36574
36578
36582
36586
36588
36590
36592
36594
36598
36600
36602
36604
36606
36610
36614
36618
36622
36624
36626
36628
36630
36634
36636
36638
36640
36642
36646
36650
36654
36658
36662
36664
36666
36668
36672
36676
36678
36680
36682
36454
36458
36462
36466
36468
36470
36472
36474
36478
36482
36486
36488
36490
36492
36494
36498
36502
36506
36510
36512
36514
36516
36518
36522
36524
36526
36528
36530
36534
36538
36542
36546
36550
36552
36554
36556
36558
36562
36564
36566
36568
36570
36574
36578
36582
36586
36588
36590
36592
36594
36598
36600
36602
36604
36606
36610
36614
36618
36622
36624
36626
36628
36630
36634
36636
36638
36640
36642
36646
36650
36654
36658
36662
36664
36666
36668
36672
36676
36678
36680
36682
36684
36688
36690
36692
36792
36796
36800
36802
36804
36806
36694
36698
36702
36706
36708
36710
36712
36714
36718
36720
36722
36724
36726
36730
36734
36738
36742
36746
36750
36754
36756
36758
36760
36762
36766
36768
36770
36772
36774
36778
36782
36786
36788
36790
36792
36796
36800
36802
36804
36806
36694
36698
36702
36706
36708
36710
36712
36714
36718
36720
36722
36724
36726
36730
36734
36738
36742
36746
36750
36754
36756
36758
36760
36762
36766
36768
36770
36772
36774
36778
36782
36786
36788
36790
36792
36796
36800
36802
36804
36806
36694
36698
36702
36706
36708
36710
36712
36714
36718
36720
36722
36724
36726
36730
36734
36738
36742
36746
36750
36754
36756
36758
36760
36762
36766
36768
36770
36772
36774
36778
36782
36786
36788
36790
36792
36796
36800
36802
36804
36806
36808
36812
36814
36816
37194
37198
37202
37204
37206
37208
36818
36822
36826
36828
36830
36832
36836
36840
36844
36848
36850
36852
36856
36858
36862
36866
36870
36872
36874
36876
36878
36882
36886
36890
36894
36896
36898
36900
36902
36906
36908
36910
36912
36914
36918
36922
36926
36930
36934
36938
37180
37184
37188
37190
37192
37194
37198
37202
37204
37206
37208
36818
36822
36826
36828
36830
36832
37180
37184
37188
37190
37192
37194
37198
37202
37204
37206
37208
36818
36822
36826
36828
36830
36832
36836
36840
36844
36848
36850
36852
36856
36858
36862
36866
36870
36872
36874
36876
36878
36882
36886
36890
36894
36896
36898
36900
36902
36906
36908
36910
36912
36914
36918
36922
36926
36930
36934
36938
36940
36944
36946
36948
37104
37108
37112
37114
37116
37118
36950
36954
36958
36960
36962
36964
36966
36970
36974
36978
36980
36982
36984
36986
36990
36992
36994
36996
36998
37002
37006
37010
37014
37016
37018
37020
37022
37026
37028
37030
37032
37034
37038
37042
37046
37050
37054
37058
37062
37066
37068
37070
37072
37074
37078
37080
37082
37084
37086
37090
37094
37098
37100
37102
37104
37108
37112
37114
37116
37118
36950
36954
36958
36960
36962
36964
37090
37094
37098
37100
37102
37104
37108
37112
37114
37116
37118
36950
36954
36958
36960
36962
36964
36966
36970
36974
36978
36980
36982
36984
36986
36990
36992
36994
36996
36998
37002
37006
37010
37014
37016
37018
37020
37022
37026
37028
37030
37032
37034
37038
37042
37046
37050
37054
37058
37062
37066
37068
37070
37072
37074
37078
37080
37082
37084
37086
37090
37094
37098
37100
37102
37104
37108
37112
37114
37116
37118
37120
37124
37128
37132
37136
37140
37144
37148
37152
37156
37158
37160
37162
37164
37168
37170
37172
37174
37176
37180
37184
37188
37190
37192
37194
37198
37202
37204
37206
37208
37212
37216
37220
37224
37228
37232
37236
37240
37242
37244
37246
37250
37254
37258
37260
37262
37264
37268
37272
37274
37276
37278
35988
35992
35996
36000
36004
36008
36012
36014
36016
36138
36142
36146
36148
36150
36152
36018
36022
36026
36030
36032
36034
36036
36038
36042
36044
36046
36048
36050
36054
36058
36062
35272
35274
35276
35278
35282
35286
35290
35294
35296
35300
35304
35318
35322
35326
35330
35332
35334
35338
36066
36070
36074
36078
36082
36086
36090
36094
36096
36100
36104
36108
36112
36116
36120
36122
36124
36128
36132
36134
36136
36138
36142
36146
36148
36150
36152
36154
36158
36162
36166
36170
36172
36174
36176
36178
36182
36184
36186
36188
36190
36194
36198
36202
36206
36210
35272
35274
35276
35278
35282
35286
35290
35294
35296
35300
35304
35318
35322
35326
35330
35332
35334
35338
36214
36218
36222
36224
36228
36232
36236
36240
36266
36270
36274
36278
36282
36286
36290
36294
36298
36302
36306
36308
36310
36314
36316
36320
36324
36328
36330
36332
36336
36338
36342
36346
36348
36350
36352
36684
36688
36690
36692
36792
36796
36800
36802
36804
36806
36694
36698
36702
36706
36708
36710
36712
36714
36718
36720
36722
36724
36726
36730
36734
36738
36742
36746
36750
36754
36756
36758
36760
36762
36766
36768
36770
36772
36774
36778
36782
36786
36788
36790
36792
36796
36800
36802
36804
36806
36694
36698
36702
36706
36708
36710
36712
36714
36718
36720
36722
36724
36726
36730
36734
36738
36742
36746
36750
36754
36756
36758
36760
36762
36766
36768
36770
36772
36774
36778
36782
36786
36788
36790
36792
36796
36800
36802
36804
36806
36694
36698
36702
36706
36708
36710
36712
36714
36718
36720
36722
36724
36726
36730
36734
36738
36742
36746
36750
36754
36756
36758
36760
36762
36766
36768
36770
36772
36774
36778
36782
36786
36788
36790
36792
36796
36800
36802
36804
36806
36808
36812
36814
36816
37194
37198
37202
37204
37206
37208
36818
36822
36826
36828
36830
36832
36836
36840
36844
36848
36850
36852
36856
36858
36862
36866
36870
36872
36874
36876
36878
36882
36886
36890
36894
36896
36898
36900
36902
36906
36908
36910
36912
36914
36918
36922
36926
36930
36934
36938
36940
36944
36946
36948
37104
37108
37112
37114
37116
37118
36950
36954
36958
36960
36962
36964
36966
36970
36974
36978
36980
36982
36984
36986
36990
36992
36994
36996
36998
37002
37006
37010
37014
37016
37018
37020
37022
37026
37028
37030
37032
37034
37038
37042
37046
37050
37054
37058
37062
37066
37068
37070
37072
37074
37078
37080
37082
37084
37086
37090
37094
37098
37100
37102
37104
37108
37112
37114
37116
37118
36950
36954
36958
36960
36962
36964
36966
36970
36974
36978
36980
36982
36984
36986
36990
36992
36994
36996
36998
37002
37006
37010
37014
37016
37018
37020
37022
37026
37028
37030
37032
37034
37038
37042
37046
37050
37054
37058
37062
37066
37068
37070
37072
37074
37078
37080
37082
37084
37086
37090
37094
37098
37100
37102
37104
37108
37112
37114
37116
37118
36950
36954
36958
36960
36962
36964
37090
37094
37098
37100
37102
37104
37108
37112
37114
37116
37118
37120
37124
37128
37132
37136
37140
37144
37148
37152
37156
37158
37160
37162
37164
37168
37170
37172
37174
37176
37180
37184
37188
37190
37192
37194
37198
37202
37204
37206
37208
36818
36822
36826
36828
36830
36832
36836
36840
36844
36848
36850
36852
36856
36858
36862
36866
36870
36872
36874
36876
36878
36882
36886
36890
36894
36896
36898
36900
36902
36906
36908
36910
36912
36914
36918
36922
36926
36930
36934
36938
36940
36944
36946
36948
37104
37108
37112
37114
37116
37118
36950
36954
36958
36960
36962
36964
36966
36970
36974
36978
36980
36982
36984
36986
36990
36992
36994
36996
36998
37002
37006
37010
37014
37016
37018
37020
37022
37026
37028
37030
37032
37034
37038
37042
37046
37050
37054
37058
37062
37066
37068
37070
37072
37074
37078
37080
37082
37084
37086
37090
37094
37098
37100
37102
37104
37108
37112
37114
37116
37118
36950
36954
36958
36960
36962
36964
36966
36970
36974
36978
36980
36982
36984
36986
36990
36992
36994
36996
36998
37002
37006
37010
37014
37016
37018
37020
37022
37026
37028
37030
37032
37034
37038
37042
37046
37050
37054
37058
37062
37066
37068
37070
37072
37074
37078
37080
37082
37084
37086
37090
37094
37098
37100
37102
37104
37108
37112
37114
37116
37118
36950
36954
36958
36960
36962
36964
37090
37094
37098
37100
37102
37104
37108
37112
37114
37116
37118
37120
37124
37128
37132
37136
37140
37144
37148
37152
37156
37158
37160
37162
37164
37168
37170
37172
37174
37176
37180
37184
37188
37190
37192
37194
37198
37202
37204
37206
37208
36818
36822
36826
36828
36830
36832
37180
37184
37188
37190
37192
37194
37198
37202
37204
37206
37208
37212
37216
37220
37224
37228
37232
37236
37240
37242
37244
37246
37250
37254
37258
37260
37262
37264
37268
37272
37274
37276
37278
37282
37286
37288
37290
37650
37654
37658
37660
37662
37664
37292
37296
37300
37304
37306
37310
37312
37316
37320
37322
37324
37326
37346
37350
37354
37358
37360
37364
37366
37370
37374
37376
37380
37384
37388
37390
37394
37398
37402
37404
37408
37410
37414
37418
37420
37422
37632
37636
37640
37642
37644
37646
37424
37428
37432
37436
37438
37440
37444
37446
37450
37454
37458
37460
37462
37464
37466
37470
37474
37478
37480
37482
37484
37486
37490
37494
37498
37502
37504
37506
37508
37510
37514
37516
37518
37520
37522
37526
37530
37534
37538
37542
37544
37546
37548
37552
37556
37560
37564
37566
37568
37570
37572
37576
37578
37580
37582
37584
37588
37592
37596
37600
37602
37604
37606
37610
37614
37618
37622
37626
37628
37630
37632
37636
37640
37642
37644
37646
37424
37428
37432
37436
37438
37440
37444
37446
37450
37454
37458
37460
37462
37464
37466
37470
37474
37478
37480
37482
37484
37486
37490
37494
37498
37502
37504
37506
37508
37510
37514
37516
37518
37520
37522
37526
37530
37534
37538
37542
37544
37546
37548
37552
37556
37560
37564
37566
37568
37570
37572
37576
37578
37580
37582
37584
37588
37592
37596
37600
37602
37604
37606
37610
37614
37618
37622
37626
37628
37630
37632
37636
37640
37642
37644
37646
37424
37428
37432
37436
37438
37440
37444
37446
37450
37454
37458
37460
37462
37464
37466
37470
37474
37478
37480
37482
37484
37486
37490
37494
37498
37502
37504
37506
37508
37510
37514
37516
37518
37520
37522
37526
37530
37534
37538
37542
37544
37546
37548
37552
37556
37560
37564
37566
37568
37570
37572
37576
37578
37580
37582
37584
37588
37592
37596
37600
37602
37604
37606
37610
37614
37618
37622
37626
37628
37630
37632
37636
37640
37642
37644
37646
37648
37292
37296
37300
37304
37306
37310
37312
37316
37320
37322
37324
37326
37346
37350
37354
37358
37360
37364
37366
37370
37374
37376
37380
37384
37388
37390
37394
37398
37402
37404
37408
37410
37414
37418
37420
37422
37632
37636
37640
37642
37644
37646
37424
37428
37432
37436
37438
37440
37444
37446
37450
37454
37458
37460
37462
37464
37466
37470
37474
37478
37480
37482
37484
37486
37490
37494
37498
37502
37504
37506
37508
37510
37514
37516
37518
37520
37522
37526
37530
37534
37538
37542
37544
37546
37548
37552
37556
37560
37564
37566
37568
37570
37572
37576
37578
37580
37582
37584
37588
37592
37596
37600
37602
37604
37606
37610
37614
37618
37622
37626
37628
37630
37632
37636
37640
37642
37644
37646
37424
37428
37432
37436
37438
37440
37444
37446
37450
37454
37458
37460
37462
37464
37466
37470
37474
37478
37480
37482
37484
37486
37490
37494
37498
37502
37504
37506
37508
37510
37514
37516
37518
37520
37522
37526
37530
37534
37538
37542
37544
37546
37548
37552
37556
37560
37564
37566
37568
37570
37572
37576
37578
37580
37582
37584
37588
37592
37596
37600
37602
37604
37606
37610
37614
37618
37622
37626
37628
37630
37632
37636
37640
37642
37644
37646
37424
37428
37432
37436
37438
37440
37444
37446
37450
37454
37458
37460
37462
37464
37466
37470
37474
37478
37480
37482
37484
37486
37490
37494
37498
37502
37504
37506
37508
37510
37514
37516
37518
37520
37522
37526
37530
37534
37538
37542
37544
37546
37548
37552
37556
37560
37564
37566
37568
37570
37572
37576
37578
37580
37582
37584
37588
37592
37596
37600
37602
37604
37606
37610
37614
37618
37622
37626
37628
37630
37632
37636
37640
37642
37644
37646
37648
37292
37296
37300
37304
37306
37310
37312
37316
37320
37322
37324
37326
37328
37330
37334
37338
37340
37342
37344
37650
37654
37658
37660
37662
37664
37292
37296
37300
37304
37306
37310
37312
37316
37320
37322
37324
37326
37328
37330
37334
37338
37340
37342
37344
37650
37654
37658
37660
37662
37664
37292
37296
37300
37304
37306
37310
37312
37316
37320
37322
37324
37326
37328
37330
37334
37338
37340
37342
37344
37650
37654
37658
37660
37662
37664
37668
37672
37676
37680
37684
37688
37690
37692
37696
37698
35460
35462
35464
35546
35548
35550
35466
35468
35470
35534
35536
35538
35472
35476
35480
35482
35484
35486
35488
35490
35492
35494
35496
35500
35504
35508
35510
35512
35514
35516
35518
35520
35522
35524
35528
35530
35532
35534
35536
35538
35472
35476
35480
35482
35484
35486
35488
35490
35492
35494
35496
35500
35504
35508
35510
35512
35514
35516
35518
35520
35522
35524
35528
35530
35532
35534
35536
35538
35472
35476
35480
35482
35484
35486
35488
35490
35492
35494
35496
35500
35504
35508
35510
35512
35514
35516
35518
35520
35522
35524
35528
35530
35532
35534
35536
35538
35540
35542
35544
35546
35548
35550
35466
35468
35470
35534
35536
35538
35472
35476
35480
35482
35484
35486
35488
35490
35492
35494
35496
35500
35504
35508
35510
35512
35514
35516
35518
35520
35522
35524
35528
35530
35532
35534
35536
35538
35472
35476
35480
35482
35484
35486
35488
35490
35492
35494
35496
35500
35504
35508
35510
35512
35514
35516
35518
35520
35522
35524
35528
35530
35532
35534
35536
35538
35472
35476
35480
35482
35484
35486
35488
35490
35492
35494
35496
35500
35504
35508
35510
35512
35514
35516
35518
35520
35522
35524
35528
35530
35532
35534
35536
35538
35540
35542
35544
35546
35548
35550
35466
35468
35470
35534
35536
35538
35472
35476
35480
35482
35484
35486
35488
35490
35492
35494
35496
35500
35504
35508
35510
35512
35514
35516
35518
35520
35522
35524
35528
35530
35532
35534
35536
35538
35472
35476
35480
35482
35484
35486
35488
35490
35492
35494
35496
35500
35504
35508
35510
35512
35514
35516
35518
35520
35522
35524
35528
35530
35532
35534
35536
35538
35472
35476
35480
35482
35484
35486
35488
35490
35492
35494
35496
35500
35504
35508
35510
35512
35514
35516
35518
35520
35522
35524
35528
35530
35532
35534
35536
35538
35540
35542
35544
35546
35548
35550
35552
35554
35556
35558
35560
35584
35586
35588
35590
35592
35594
35596
35598
35600
35602
35604
35606
35608
35610
35612
35614
35616
35618
35620
35622
35624
35626
35628
35630
35638
35640
35642
35806
35808
35810
35812
35644
35646
35648
35792
35794
35796
35798
35650
35654
35658
35662
35664
35666
35746
35748
35750
35752
35668
35672
35676
35678
35680
35682
35684
35686
35688
35690
35692
35696
35700
35704
35706
35708
35710
35712
35714
35716
35718
35720
35724
35728
35732
35736
35740
35742
35744
35746
35748
35750
35752
35668
35672
35676
35678
35680
35682
35684
35686
35688
35690
35692
35696
35700
35704
35706
35708
35710
35712
35714
35716
35718
35720
35724
35728
35732
35736
35740
35742
35744
35746
35748
35750
35752
35668
35672
35676
35678
35680
35682
35684
35686
35688
35690
35692
35696
35700
35704
35706
35708
35710
35712
35714
35716
35718
35720
35724
35728
35732
35736
35740
35742
35744
35746
35748
35750
35752
35754
35758
35762
35764
35766
35768
35770
35772
35774
35776
35778
35782
35786
35788
35790
35792
35794
35796
35798
35650
35654
35658
35662
35664
35666
35746
35748
35750
35752
35668
35672
35676
35678
35680
35682
35684
35686
35688
35690
35692
35696
35700
35704
35706
35708
35710
35712
35714
35716
35718
35720
35724
35728
35732
35736
35740
35742
35744
35746
35748
35750
35752
35668
35672
35676
35678
35680
35682
35684
35686
35688
35690
35692
35696
35700
35704
35706
35708
35710
35712
35714
35716
35718
35720
35724
35728
35732
35736
35740
35742
35744
35746
35748
35750
35752
35668
35672
35676
35678
35680
35682
35684
35686
35688
35690
35692
35696
35700
35704
35706
35708
35710
35712
35714
35716
35718
35720
35724
35728
35732
35736
35740
35742
35744
35746
35748
35750
35752
35754
35758
35762
35764
35766
35768
35770
35772
35774
35776
35778
35782
35786
35788
35790
35792
35794
35796
35798
35650
35654
35658
35662
35664
35666
35746
35748
35750
35752
35668
35672
35676
35678
35680
35682
35684
35686
35688
35690
35692
35696
35700
35704
35706
35708
35710
35712
35714
35716
35718
35720
35724
35728
35732
35736
35740
35742
35744
35746
35748
35750
35752
35668
35672
35676
35678
35680
35682
35684
35686
35688
35690
35692
35696
35700
35704
35706
35708
35710
35712
35714
35716
35718
35720
35724
35728
35732
35736
35740
35742
35744
35746
35748
35750
35752
35668
35672
35676
35678
35680
35682
35684
35686
35688
35690
35692
35696
35700
35704
35706
35708
35710
35712
35714
35716
35718
35720
35724
35728
35732
35736
35740
35742
35744
35746
35748
35750
35752
35754
35758
35762
35764
35766
35768
35770
35772
35774
35776
35778
35782
35786
35788
35790
35792
35794
35796
35798
35800
35802
35804
35806
35808
35810
35812
35644
35646
35648
35792
35794
35796
35798
35650
35654
35658
35662
35664
35666
35746
35748
35750
35752
35668
35672
35676
35678
35680
35682
35684
35686
35688
35690
35692
35696
35700
35704
35706
35708
35710
35712
35714
35716
35718
35720
35724
35728
35732
35736
35740
35742
35744
35746
35748
35750
35752
35668
35672
35676
35678
35680
35682
35684
35686
35688
35690
35692
35696
35700
35704
35706
35708
35710
35712
35714
35716
35718
35720
35724
35728
35732
35736
35740
35742
35744
35746
35748
35750
35752
35668
35672
35676
35678
35680
35682
35684
35686
35688
35690
35692
35696
35700
35704
35706
35708
35710
35712
35714
35716
35718
35720
35724
35728
35732
35736
35740
35742
35744
35746
35748
35750
35752
35754
35758
35762
35764
35766
35768
35770
35772
35774
35776
35778
35782
35786
35788
35790
35792
35794
35796
35798
35650
35654
35658
35662
35664
35666
35746
35748
35750
35752
35668
35672
35676
35678
35680
35682
35684
35686
35688
35690
35692
35696
35700
35704
35706
35708
35710
35712
35714
35716
35718
35720
35724
35728
35732
35736
35740
35742
35744
35746
35748
35750
35752
35668
35672
35676
35678
35680
35682
35684
35686
35688
35690
35692
35696
35700
35704
35706
35708
35710
35712
35714
35716
35718
35720
35724
35728
35732
35736
35740
35742
35744
35746
35748
35750
35752
35668
35672
35676
35678
35680
35682
35684
35686
35688
35690
35692
35696
35700
35704
35706
35708
35710
35712
35714
35716
35718
35720
35724
35728
35732
35736
35740
35742
35744
35746
35748
35750
35752
35754
35758
35762
35764
35766
35768
35770
35772
35774
35776
35778
35782
35786
35788
35790
35792
35794
35796
35798
35650
35654
35658
35662
35664
35666
35746
35748
35750
35752
35668
35672
35676
35678
35680
35682
35684
35686
35688
35690
35692
35696
35700
35704
35706
35708
35710
35712
35714
35716
35718
35720
35724
35728
35732
35736
35740
35742
35744
35746
35748
35750
35752
35668
35672
35676
35678
35680
35682
35684
35686
35688
35690
35692
35696
35700
35704
35706
35708
35710
35712
35714
35716
35718
35720
35724
35728
35732
35736
35740
35742
35744
35746
35748
35750
35752
35668
35672
35676
35678
35680
35682
35684
35686
35688
35690
35692
35696
35700
35704
35706
35708
35710
35712
35714
35716
35718
35720
35724
35728
35732
35736
35740
35742
35744
35746
35748
35750
35752
35754
35758
35762
35764
35766
35768
35770
35772
35774
35776
35778
35782
35786
35788
35790
35792
35794
35796
35798
35800
35802
35804
35806
35808
35810
35812
35644
35646
35648
35792
35794
35796
35798
35650
35654
35658
35662
35664
35666
35746
35748
35750
35752
35668
35672
35676
35678
35680
35682
35684
35686
35688
35690
35692
35696
35700
35704
35706
35708
35710
35712
35714
35716
35718
35720
35724
35728
35732
35736
35740
35742
35744
35746
35748
35750
35752
35668
35672
35676
35678
35680
35682
35684
35686
35688
35690
35692
35696
35700
35704
35706
35708
35710
35712
35714
35716
35718
35720
35724
35728
35732
35736
35740
35742
35744
35746
35748
35750
35752
35668
35672
35676
35678
35680
35682
35684
35686
35688
35690
35692
35696
35700
35704
35706
35708
35710
35712
35714
35716
35718
35720
35724
35728
35732
35736
35740
35742
35744
35746
35748
35750
35752
35754
35758
35762
35764
35766
35768
35770
35772
35774
35776
35778
35782
35786
35788
35790
35792
35794
35796
35798
35650
35654
35658
35662
35664
35666
35746
35748
35750
35752
35668
35672
35676
35678
35680
35682
35684
35686
35688
35690
35692
35696
35700
35704
35706
35708
35710
35712
35714
35716
35718
35720
35724
35728
35732
35736
35740
35742
35744
35746
35748
35750
35752
35668
35672
35676
35678
35680
35682
35684
35686
35688
35690
35692
35696
35700
35704
35706
35708
35710
35712
35714
35716
35718
35720
35724
35728
35732
35736
35740
35742
35744
35746
35748
35750
35752
35668
35672
35676
35678
35680
35682
35684
35686
35688
35690
35692
35696
35700
35704
35706
35708
35710
35712
35714
35716
35718
35720
35724
35728
35732
35736
35740
35742
35744
35746
35748
35750
35752
35754
35758
35762
35764
35766
35768
35770
35772
35774
35776
35778
35782
35786
35788
35790
35792
35794
35796
35798
35650
35654
35658
35662
35664
35666
35746
35748
35750
35752
35668
35672
35676
35678
35680
35682
35684
35686
35688
35690
35692
35696
35700
35704
35706
35708
35710
35712
35714
35716
35718
35720
35724
35728
35732
35736
35740
35742
35744
35746
35748
35750
35752
35668
35672
35676
35678
35680
35682
35684
35686
35688
35690
35692
35696
35700
35704
35706
35708
35710
35712
35714
35716
35718
35720
35724
35728
35732
35736
35740
35742
35744
35746
35748
35750
35752
35668
35672
35676
35678
35680
35682
35684
35686
35688
35690
35692
35696
35700
35704
35706
35708
35710
35712
35714
35716
35718
35720
35724
35728
35732
35736
35740
35742
35744
35746
35748
35750
35752
35754
35758
35762
35764
35766
35768
35770
35772
35774
35776
35778
35782
35786
35788
35790
35792
35794
35796
35798
35800
35802
35804
35806
35808
35810
35812
35814
35816
35818
35820
35822
35826
35564
35566
35568
35570
35572
