3204447648
3204447652
3204447636
3204447640
3204447644
3204447612
3204447616
3204447616
3204447620
3204447620
3204447624
3204447624
3204447628
3204447628
3204447624
3204447620
3204447616
3204447628
442496
3204447612
3204447628
3204447628
3204447628
3204447624
3204447620
3204447616
3204447628
442500
3204447612
3204447628
3204447628
3204447628
3204447624
3204447620
3204447616
3204447628
442504
3204447612
3204447628
3204447628
3204447628
3204447624
3204447620
3204447616
3204447628
442508
3204447612
3204447628
3204447628
3204447628
3204447624
3204447620
3204447616
3204447628
442512
3204447612
3204447628
3204447628
3204447628
3204447624
3204447624
3204447624
3204447628
3204447628
3204447624
3204447620
3204447616
3204447628
442516
3204447612
3204447628
3204447628
3204447628
3204447624
3204447620
3204447616
3204447628
442520
3204447612
3204447628
3204447628
3204447628
3204447624
3204447620
3204447616
3204447628
442524
3204447612
3204447628
3204447628
3204447628
3204447624
3204447620
3204447616
3204447628
442528
3204447612
3204447628
3204447628
3204447628
3204447624
3204447620
3204447616
3204447628
442532
3204447612
3204447628
3204447628
3204447628
3204447624
3204447624
3204447624
3204447628
3204447628
3204447624
3204447620
3204447616
3204447628
442536
3204447612
3204447628
3204447628
3204447628
3204447624
3204447620
3204447616
3204447628
442540
3204447612
3204447628
3204447628
3204447628
3204447624
3204447620
3204447616
3204447628
442544
3204447612
3204447628
3204447628
3204447628
3204447624
3204447620
3204447616
3204447628
442548
3204447612
3204447628
3204447628
3204447628
3204447624
3204447620
3204447616
3204447628
442552
3204447612
3204447628
3204447628
3204447628
3204447624
3204447624
3204447624
3204447628
3204447628
3204447624
3204447620
3204447616
3204447628
442556
3204447612
3204447628
3204447628
3204447628
3204447624
3204447620
3204447616
3204447628
442560
3204447612
3204447628
3204447628
3204447628
3204447624
3204447620
3204447616
3204447628
442564
3204447612
3204447628
3204447628
3204447628
3204447624
3204447620
3204447616
3204447628
442568
3204447612
3204447628
3204447628
3204447628
3204447624
3204447620
3204447616
3204447628
442572
3204447612
3204447628
3204447628
3204447628
3204447624
3204447624
3204447624
3204447628
3204447628
3204447624
3204447620
3204447616
3204447628
442576
3204447612
3204447628
3204447628
3204447628
3204447624
3204447620
3204447616
3204447628
442580
3204447612
3204447628
3204447628
3204447628
3204447624
3204447620
3204447616
3204447628
442584
3204447612
3204447628
3204447628
3204447628
3204447624
3204447620
3204447616
3204447628
442588
3204447612
3204447628
3204447628
3204447628
3204447624
3204447620
3204447616
3204447628
442592
3204447612
3204447628
3204447628
3204447628
3204447624
3204447624
3204447624
3204447620
3204447620
3204447620
3204447624
3204447624
3204447628
3204447628
3204447624
3204447620
3204447616
3204447628
442596
3204447612
3204447628
3204447628
3204447628
3204447624
3204447620
3204447616
3204447628
442600
3204447612
3204447628
3204447628
3204447628
3204447624
3204447620
3204447616
3204447628
442604
3204447612
3204447628
3204447628
3204447628
3204447624
3204447620
3204447616
3204447628
442608
3204447612
3204447628
3204447628
3204447628
3204447624
3204447620
3204447616
3204447628
442612
3204447612
3204447628
3204447628
3204447628
3204447624
3204447624
3204447624
3204447628
3204447628
3204447624
3204447620
3204447616
3204447628
442616
3204447612
3204447628
3204447628
3204447628
3204447624
3204447620
3204447616
3204447628
442620
3204447612
3204447628
3204447628
3204447628
3204447624
3204447620
3204447616
3204447628
442624
3204447612
3204447628
3204447628
3204447628
3204447624
3204447620
3204447616
3204447628
442628
3204447612
3204447628
3204447628
3204447628
3204447624
3204447620
3204447616
3204447628
442632
3204447612
3204447628
3204447628
3204447628
3204447624
3204447624
3204447624
3204447628
3204447628
3204447624
3204447620
3204447616
3204447628
442636
3204447612
3204447628
3204447628
3204447628
3204447624
3204447620
3204447616
3204447628
442640
3204447612
3204447628
3204447628
3204447628
3204447624
3204447620
3204447616
3204447628
442644
3204447612
3204447628
3204447628
3204447628
3204447624
3204447620
3204447616
3204447628
442648
3204447612
3204447628
3204447628
3204447628
3204447624
3204447620
3204447616
3204447628
442652
3204447612
3204447628
3204447628
3204447628
3204447624
3204447624
3204447624
3204447628
3204447628
3204447624
3204447620
3204447616
3204447628
442656
3204447612
3204447628
3204447628
3204447628
3204447624
3204447620
3204447616
3204447628
442660
3204447612
3204447628
3204447628
3204447628
3204447624
3204447620
3204447616
3204447628
442664
3204447612
3204447628
3204447628
3204447628
3204447624
3204447620
3204447616
3204447628
442668
3204447612
3204447628
3204447628
3204447628
3204447624
3204447620
3204447616
3204447628
442672
3204447612
3204447628
3204447628
3204447628
3204447624
3204447624
3204447624
3204447628
3204447628
3204447624
3204447620
3204447616
3204447628
442676
3204447612
3204447628
3204447628
3204447628
3204447624
3204447620
3204447616
3204447628
442680
3204447612
3204447628
3204447628
3204447628
3204447624
3204447620
3204447616
3204447628
442684
3204447612
3204447628
3204447628
3204447628
3204447624
3204447620
3204447616
3204447628
442688
3204447612
3204447628
3204447628
3204447628
3204447624
3204447620
3204447616
3204447628
442692
3204447612
3204447628
3204447628
3204447628
3204447624
3204447624
3204447624
3204447620
3204447620
3204447620
3204447624
3204447624
3204447628
3204447628
3204447624
3204447620
3204447616
3204447628
442696
3204447612
3204447628
3204447628
3204447628
3204447624
3204447620
3204447616
3204447628
442700
3204447612
3204447628
3204447628
3204447628
3204447624
3204447620
3204447616
3204447628
442704
3204447612
3204447628
3204447628
3204447628
3204447624
3204447620
3204447616
3204447628
442708
3204447612
3204447628
3204447628
3204447628
3204447624
3204447620
3204447616
3204447628
442712
3204447612
3204447628
3204447628
3204447628
3204447624
3204447624
3204447624
3204447628
3204447628
3204447624
3204447620
3204447616
3204447628
442716
3204447612
3204447628
3204447628
3204447628
3204447624
3204447620
3204447616
3204447628
442720
3204447612
3204447628
3204447628
3204447628
3204447624
3204447620
3204447616
3204447628
442724
3204447612
3204447628
3204447628
3204447628
3204447624
3204447620
3204447616
3204447628
442728
3204447612
3204447628
3204447628
3204447628
3204447624
3204447620
3204447616
3204447628
442732
3204447612
3204447628
3204447628
3204447628
3204447624
3204447624
3204447624
3204447628
3204447628
3204447624
3204447620
3204447616
3204447628
442736
3204447612
3204447628
3204447628
3204447628
3204447624
3204447620
3204447616
3204447628
442740
3204447612
3204447628
3204447628
3204447628
3204447624
3204447620
3204447616
3204447628
442744
3204447612
3204447628
3204447628
3204447628
3204447624
3204447620
3204447616
3204447628
442748
3204447612
3204447628
3204447628
3204447628
3204447624
3204447620
3204447616
3204447628
442752
3204447612
3204447628
3204447628
3204447628
3204447624
3204447624
3204447624
3204447628
3204447628
3204447624
3204447620
3204447616
3204447628
442756
3204447612
3204447628
3204447628
3204447628
3204447624
3204447620
3204447616
3204447628
442760
3204447612
3204447628
3204447628
3204447628
3204447624
3204447620
3204447616
3204447628
442764
3204447612
3204447628
3204447628
3204447628
3204447624
3204447620
3204447616
3204447628
442768
3204447612
3204447628
3204447628
3204447628
3204447624
3204447620
3204447616
3204447628
442772
3204447612
3204447628
3204447628
3204447628
3204447624
3204447624
3204447624
3204447628
3204447628
3204447624
3204447620
3204447616
3204447628
442776
3204447612
3204447628
3204447628
3204447628
3204447624
3204447620
3204447616
3204447628
442780
3204447612
3204447628
3204447628
3204447628
3204447624
3204447620
3204447616
3204447628
442784
3204447612
3204447628
3204447628
3204447628
3204447624
3204447620
3204447616
3204447628
442788
3204447612
3204447628
3204447628
3204447628
3204447624
3204447620
3204447616
3204447628
442792
3204447612
3204447628
3204447628
3204447628
3204447624
3204447624
3204447624
3204447620
3204447620
3204447620
3204447624
3204447624
3204447628
3204447628
3204447624
3204447620
3204447616
3204447628
442796
3204447612
3204447628
3204447628
3204447628
3204447624
3204447620
3204447616
3204447628
442800
3204447612
3204447628
3204447628
3204447628
3204447624
3204447620
3204447616
3204447628
442804
3204447612
3204447628
3204447628
3204447628
3204447624
3204447620
3204447616
3204447628
442808
3204447612
3204447628
3204447628
3204447628
3204447624
3204447620
3204447616
3204447628
442812
3204447612
3204447628
3204447628
3204447628
3204447624
3204447624
3204447624
3204447628
3204447628
3204447624
3204447620
3204447616
3204447628
442816
3204447612
3204447628
3204447628
3204447628
3204447624
3204447620
3204447616
3204447628
442820
3204447612
3204447628
3204447628
3204447628
3204447624
3204447620
3204447616
3204447628
442824
3204447612
3204447628
3204447628
3204447628
3204447624
3204447620
3204447616
3204447628
442828
3204447612
3204447628
3204447628
3204447628
3204447624
3204447620
3204447616
3204447628
442832
3204447612
3204447628
3204447628
3204447628
3204447624
3204447624
3204447624
3204447628
3204447628
3204447624
3204447620
3204447616
3204447628
442836
3204447612
3204447628
3204447628
3204447628
3204447624
3204447620
3204447616
3204447628
442840
3204447612
3204447628
3204447628
3204447628
3204447624
3204447620
3204447616
3204447628
442844
3204447612
3204447628
3204447628
3204447628
3204447624
3204447620
3204447616
3204447628
442848
3204447612
3204447628
3204447628
3204447628
3204447624
3204447620
3204447616
3204447628
442852
3204447612
3204447628
3204447628
3204447628
3204447624
3204447624
3204447624
3204447628
3204447628
3204447624
3204447620
3204447616
3204447628
442856
3204447612
3204447628
3204447628
3204447628
3204447624
3204447620
3204447616
3204447628
442860
3204447612
3204447628
3204447628
3204447628
3204447624
3204447620
3204447616
3204447628
442864
3204447612
3204447628
3204447628
3204447628
3204447624
3204447620
3204447616
3204447628
442868
3204447612
3204447628
3204447628
3204447628
3204447624
3204447620
3204447616
3204447628
442872
3204447612
3204447628
3204447628
3204447628
3204447624
3204447624
3204447624
3204447628
3204447628
3204447624
3204447620
3204447616
3204447628
442876
3204447612
3204447628
3204447628
3204447628
3204447624
3204447620
3204447616
3204447628
442880
3204447612
3204447628
3204447628
3204447628
3204447624
3204447620
3204447616
3204447628
442884
3204447612
3204447628
3204447628
3204447628
3204447624
3204447620
3204447616
3204447628
442888
3204447612
3204447628
3204447628
3204447628
3204447624
3204447620
3204447616
3204447628
442892
3204447612
3204447628
3204447628
3204447628
3204447624
3204447624
3204447624
3204447620
3204447620
3204447620
3204447624
3204447624
3204447628
3204447628
3204447624
3204447620
3204447616
3204447628
442896
3204447612
3204447628
3204447628
3204447628
3204447624
3204447620
3204447616
3204447628
442900
3204447612
3204447628
3204447628
3204447628
3204447624
3204447620
3204447616
3204447628
442904
3204447612
3204447628
3204447628
3204447628
3204447624
3204447620
3204447616
3204447628
442908
3204447612
3204447628
3204447628
3204447628
3204447624
3204447620
3204447616
3204447628
442912
3204447612
3204447628
3204447628
3204447628
3204447624
3204447624
3204447624
3204447628
3204447628
3204447624
3204447620
3204447616
3204447628
442916
3204447612
3204447628
3204447628
3204447628
3204447624
3204447620
3204447616
3204447628
442920
3204447612
3204447628
3204447628
3204447628
3204447624
3204447620
3204447616
3204447628
442924
3204447612
3204447628
3204447628
3204447628
3204447624
3204447620
3204447616
3204447628
442928
3204447612
3204447628
3204447628
3204447628
3204447624
3204447620
3204447616
3204447628
442932
3204447612
3204447628
3204447628
3204447628
3204447624
3204447624
3204447624
3204447628
3204447628
3204447624
3204447620
3204447616
3204447628
442936
3204447612
3204447628
3204447628
3204447628
3204447624
3204447620
3204447616
3204447628
442940
3204447612
3204447628
3204447628
3204447628
3204447624
3204447620
3204447616
3204447628
442944
3204447612
3204447628
3204447628
3204447628
3204447624
3204447620
3204447616
3204447628
442948
3204447612
3204447628
3204447628
3204447628
3204447624
3204447620
3204447616
3204447628
442952
3204447612
3204447628
3204447628
3204447628
3204447624
3204447624
3204447624
3204447628
3204447628
3204447624
3204447620
3204447616
3204447628
442956
3204447612
3204447628
3204447628
3204447628
3204447624
3204447620
3204447616
3204447628
442960
3204447612
3204447628
3204447628
3204447628
3204447624
3204447620
3204447616
3204447628
442964
3204447612
3204447628
3204447628
3204447628
3204447624
3204447620
3204447616
3204447628
442968
3204447612
3204447628
3204447628
3204447628
3204447624
3204447620
3204447616
3204447628
442972
3204447612
3204447628
3204447628
3204447628
3204447624
3204447624
3204447624
3204447628
3204447628
3204447624
3204447620
3204447616
3204447628
442976
3204447612
3204447628
3204447628
3204447628
3204447624
3204447620
3204447616
3204447628
442980
3204447612
3204447628
3204447628
3204447628
3204447624
3204447620
3204447616
3204447628
442984
3204447612
3204447628
3204447628
3204447628
3204447624
3204447620
3204447616
3204447628
442988
3204447612
3204447628
3204447628
3204447628
3204447624
3204447620
3204447616
3204447628
442992
3204447612
3204447628
3204447628
3204447628
3204447624
3204447624
3204447624
3204447620
3204447620
3204447620
3204447616
3204447616
3204447616
3204447620
3204447620
3204447624
3204447624
3204447628
3204447628
3204447624
3204447620
3204447616
3204447628
442996
3204447612
3204447628
3204447628
3204447628
3204447624
3204447620
3204447616
3204447628
443000
3204447612
3204447628
3204447628
3204447628
3204447624
3204447620
3204447616
3204447628
443004
3204447612
3204447628
3204447628
3204447628
3204447624
3204447620
3204447616
3204447628
443008
3204447612
3204447628
3204447628
3204447628
3204447624
3204447620
3204447616
3204447628
443012
3204447612
3204447628
3204447628
3204447628
3204447624
3204447624
3204447624
3204447628
3204447628
3204447624
3204447620
3204447616
3204447628
443016
3204447612
3204447628
3204447628
3204447628
3204447624
3204447620
3204447616
3204447628
443020
3204447612
3204447628
3204447628
3204447628
3204447624
3204447620
3204447616
3204447628
443024
3204447612
3204447628
3204447628
3204447628
3204447624
3204447620
3204447616
3204447628
443028
3204447612
3204447628
3204447628
3204447628
3204447624
3204447620
3204447616
3204447628
443032
3204447612
3204447628
3204447628
3204447628
3204447624
3204447624
3204447624
3204447628
3204447628
3204447624
3204447620
3204447616
3204447628
443036
3204447612
3204447628
3204447628
3204447628
3204447624
3204447620
3204447616
3204447628
443040
3204447612
3204447628
3204447628
3204447628
3204447624
3204447620
3204447616
3204447628
443044
3204447612
3204447628
3204447628
3204447628
3204447624
3204447620
3204447616
3204447628
443048
3204447612
3204447628
3204447628
3204447628
3204447624
3204447620
3204447616
3204447628
443052
3204447612
3204447628
3204447628
3204447628
3204447624
3204447624
3204447624
3204447628
3204447628
3204447624
3204447620
3204447616
3204447628
443056
3204447612
3204447628
3204447628
3204447628
3204447624
3204447620
3204447616
3204447628
443060
3204447612
3204447628
3204447628
3204447628
3204447624
3204447620
3204447616
3204447628
443064
3204447612
3204447628
3204447628
3204447628
3204447624
3204447620
3204447616
3204447628
443068
3204447612
3204447628
3204447628
3204447628
3204447624
3204447620
3204447616
3204447628
443072
3204447612
3204447628
3204447628
3204447628
3204447624
3204447624
3204447624
3204447628
3204447628
3204447624
3204447620
3204447616
3204447628
443076
3204447612
3204447628
3204447628
3204447628
3204447624
3204447620
3204447616
3204447628
443080
3204447612
3204447628
3204447628
3204447628
3204447624
3204447620
3204447616
3204447628
443084
3204447612
3204447628
3204447628
3204447628
3204447624
3204447620
3204447616
3204447628
443088
3204447612
3204447628
3204447628
3204447628
3204447624
3204447620
3204447616
3204447628
443092
3204447612
3204447628
3204447628
3204447628
3204447624
3204447624
3204447624
3204447620
3204447620
3204447620
3204447624
3204447624
3204447628
3204447628
3204447624
3204447620
3204447616
3204447628
443096
3204447612
3204447628
3204447628
3204447628
3204447624
3204447620
3204447616
3204447628
443100
3204447612
3204447628
3204447628
3204447628
3204447624
3204447620
3204447616
3204447628
443104
3204447612
3204447628
3204447628
3204447628
3204447624
3204447620
3204447616
3204447628
443108
3204447612
3204447628
3204447628
3204447628
3204447624
3204447620
3204447616
3204447628
443112
3204447612
3204447628
3204447628
3204447628
3204447624
3204447624
3204447624
3204447628
3204447628
3204447624
3204447620
3204447616
3204447628
443116
3204447612
3204447628
3204447628
3204447628
3204447624
3204447620
3204447616
3204447628
443120
3204447612
3204447628
3204447628
3204447628
3204447624
3204447620
3204447616
3204447628
443124
3204447612
3204447628
3204447628
3204447628
3204447624
3204447620
3204447616
3204447628
443128
3204447612
3204447628
3204447628
3204447628
3204447624
3204447620
3204447616
3204447628
443132
3204447612
3204447628
3204447628
3204447628
3204447624
3204447624
3204447624
3204447628
3204447628
3204447624
3204447620
3204447616
3204447628
443136
3204447612
3204447628
3204447628
3204447628
3204447624
3204447620
3204447616
3204447628
443140
3204447612
3204447628
3204447628
3204447628
3204447624
3204447620
3204447616
3204447628
443144
3204447612
3204447628
3204447628
3204447628
3204447624
3204447620
3204447616
3204447628
443148
3204447612
3204447628
3204447628
3204447628
3204447624
3204447620
3204447616
3204447628
443152
3204447612
3204447628
3204447628
3204447628
3204447624
3204447624
3204447624
3204447628
3204447628
3204447624
3204447620
3204447616
3204447628
443156
3204447612
3204447628
3204447628
3204447628
3204447624
3204447620
3204447616
3204447628
443160
3204447612
3204447628
3204447628
3204447628
3204447624
3204447620
3204447616
3204447628
443164
3204447612
3204447628
3204447628
3204447628
3204447624
3204447620
3204447616
3204447628
443168
3204447612
3204447628
3204447628
3204447628
3204447624
3204447620
3204447616
3204447628
443172
3204447612
3204447628
3204447628
3204447628
3204447624
3204447624
3204447624
3204447628
3204447628
3204447624
3204447620
3204447616
3204447628
443176
3204447612
3204447628
3204447628
3204447628
3204447624
3204447620
3204447616
3204447628
443180
3204447612
3204447628
3204447628
3204447628
3204447624
3204447620
3204447616
3204447628
443184
3204447612
3204447628
3204447628
3204447628
3204447624
3204447620
3204447616
3204447628
443188
3204447612
3204447628
3204447628
3204447628
3204447624
3204447620
3204447616
3204447628
443192
3204447612
3204447628
3204447628
3204447628
3204447624
3204447624
3204447624
3204447620
3204447620
3204447620
3204447624
3204447624
3204447628
3204447628
3204447624
3204447620
3204447616
3204447628
443196
3204447612
3204447628
3204447628
3204447628
3204447624
3204447620
3204447616
3204447628
443200
3204447612
3204447628
3204447628
3204447628
3204447624
3204447620
3204447616
3204447628
443204
3204447612
3204447628
3204447628
3204447628
3204447624
3204447620
3204447616
3204447628
443208
3204447612
3204447628
3204447628
3204447628
3204447624
3204447620
3204447616
3204447628
443212
3204447612
3204447628
3204447628
3204447628
3204447624
3204447624
3204447624
3204447628
3204447628
3204447624
3204447620
3204447616
3204447628
443216
3204447612
3204447628
3204447628
3204447628
3204447624
3204447620
3204447616
3204447628
443220
3204447612
3204447628
3204447628
3204447628
3204447624
3204447620
3204447616
3204447628
443224
3204447612
3204447628
3204447628
3204447628
3204447624
3204447620
3204447616
3204447628
443228
3204447612
3204447628
3204447628
3204447628
3204447624
3204447620
3204447616
3204447628
443232
3204447612
3204447628
3204447628
3204447628
3204447624
3204447624
3204447624
3204447628
3204447628
3204447624
3204447620
3204447616
3204447628
443236
3204447612
3204447628
3204447628
3204447628
3204447624
3204447620
3204447616
3204447628
443240
3204447612
3204447628
3204447628
3204447628
3204447624
3204447620
3204447616
3204447628
443244
3204447612
3204447628
3204447628
3204447628
3204447624
3204447620
3204447616
3204447628
443248
3204447612
3204447628
3204447628
3204447628
3204447624
3204447620
3204447616
3204447628
443252
3204447612
3204447628
3204447628
3204447628
3204447624
3204447624
3204447624
3204447628
3204447628
3204447624
3204447620
3204447616
3204447628
443256
3204447612
3204447628
3204447628
3204447628
3204447624
3204447620
3204447616
3204447628
443260
3204447612
3204447628
3204447628
3204447628
3204447624
3204447620
3204447616
3204447628
443264
3204447612
3204447628
3204447628
3204447628
3204447624
3204447620
3204447616
3204447628
443268
3204447612
3204447628
3204447628
3204447628
3204447624
3204447620
3204447616
3204447628
443272
3204447612
3204447628
3204447628
3204447628
3204447624
3204447624
3204447624
3204447628
3204447628
3204447624
3204447620
3204447616
3204447628
443276
3204447612
3204447628
3204447628
3204447628
3204447624
3204447620
3204447616
3204447628
443280
3204447612
3204447628
3204447628
3204447628
3204447624
3204447620
3204447616
3204447628
443284
3204447612
3204447628
3204447628
3204447628
3204447624
3204447620
3204447616
3204447628
443288
3204447612
3204447628
3204447628
3204447628
3204447624
3204447620
3204447616
3204447628
443292
3204447612
3204447628
3204447628
3204447628
3204447624
3204447624
3204447624
3204447620
3204447620
3204447620
3204447624
3204447624
3204447628
3204447628
3204447624
3204447620
3204447616
3204447628
443296
3204447612
3204447628
3204447628
3204447628
3204447624
3204447620
3204447616
3204447628
443300
3204447612
3204447628
3204447628
3204447628
3204447624
3204447620
3204447616
3204447628
443304
3204447612
3204447628
3204447628
3204447628
3204447624
3204447620
3204447616
3204447628
443308
3204447612
3204447628
3204447628
3204447628
3204447624
3204447620
3204447616
3204447628
443312
3204447612
3204447628
3204447628
3204447628
3204447624
3204447624
3204447624
3204447628
3204447628
3204447624
3204447620
3204447616
3204447628
443316
3204447612
3204447628
3204447628
3204447628
3204447624
3204447620
3204447616
3204447628
443320
3204447612
3204447628
3204447628
3204447628
3204447624
3204447620
3204447616
3204447628
443324
3204447612
3204447628
3204447628
3204447628
3204447624
3204447620
3204447616
3204447628
443328
3204447612
3204447628
3204447628
3204447628
3204447624
3204447620
3204447616
3204447628
443332
3204447612
3204447628
3204447628
3204447628
3204447624
3204447624
3204447624
3204447628
3204447628
3204447624
3204447620
3204447616
3204447628
443336
3204447612
3204447628
3204447628
3204447628
3204447624
3204447620
3204447616
3204447628
443340
3204447612
3204447628
3204447628
3204447628
3204447624
3204447620
3204447616
3204447628
443344
3204447612
3204447628
3204447628
3204447628
3204447624
3204447620
3204447616
3204447628
443348
3204447612
3204447628
3204447628
3204447628
3204447624
3204447620
3204447616
3204447628
443352
3204447612
3204447628
3204447628
3204447628
3204447624
3204447624
3204447624
3204447628
3204447628
3204447624
3204447620
3204447616
3204447628
443356
3204447612
3204447628
3204447628
3204447628
3204447624
3204447620
3204447616
3204447628
443360
3204447612
3204447628
3204447628
3204447628
3204447624
3204447620
3204447616
3204447628
443364
3204447612
3204447628
3204447628
3204447628
3204447624
3204447620
3204447616
3204447628
443368
3204447612
3204447628
3204447628
3204447628
3204447624
3204447620
3204447616
3204447628
443372
3204447612
3204447628
3204447628
3204447628
3204447624
3204447624
3204447624
3204447628
3204447628
3204447624
3204447620
3204447616
3204447628
443376
3204447612
3204447628
3204447628
3204447628
3204447624
3204447620
3204447616
3204447628
443380
3204447612
3204447628
3204447628
3204447628
3204447624
3204447620
3204447616
3204447628
443384
3204447612
3204447628
3204447628
3204447628
3204447624
3204447620
3204447616
3204447628
443388
3204447612
3204447628
3204447628
3204447628
3204447624
3204447620
3204447616
3204447628
443392
3204447612
3204447628
3204447628
3204447628
3204447624
3204447624
3204447624
3204447620
3204447620
3204447620
3204447624
3204447624
3204447628
3204447628
3204447624
3204447620
3204447616
3204447628
443396
3204447612
3204447628
3204447628
3204447628
3204447624
3204447620
3204447616
3204447628
443400
3204447612
3204447628
3204447628
3204447628
3204447624
3204447620
3204447616
3204447628
443404
3204447612
3204447628
3204447628
3204447628
3204447624
3204447620
3204447616
3204447628
443408
3204447612
3204447628
3204447628
3204447628
3204447624
3204447620
3204447616
3204447628
443412
3204447612
3204447628
3204447628
3204447628
3204447624
3204447624
3204447624
3204447628
3204447628
3204447624
3204447620
3204447616
3204447628
443416
3204447612
3204447628
3204447628
3204447628
3204447624
3204447620
3204447616
3204447628
443420
3204447612
3204447628
3204447628
3204447628
3204447624
3204447620
3204447616
3204447628
443424
3204447612
3204447628
3204447628
3204447628
3204447624
3204447620
3204447616
3204447628
443428
3204447612
3204447628
3204447628
3204447628
3204447624
3204447620
3204447616
3204447628
443432
3204447612
3204447628
3204447628
3204447628
3204447624
3204447624
3204447624
3204447628
3204447628
3204447624
3204447620
3204447616
3204447628
443436
3204447612
3204447628
3204447628
3204447628
3204447624
3204447620
3204447616
3204447628
443440
3204447612
3204447628
3204447628
3204447628
3204447624
3204447620
3204447616
3204447628
443444
3204447612
3204447628
3204447628
3204447628
3204447624
3204447620
3204447616
3204447628
443448
3204447612
3204447628
3204447628
3204447628
3204447624
3204447620
3204447616
3204447628
443452
3204447612
3204447628
3204447628
3204447628
3204447624
3204447624
3204447624
3204447628
3204447628
3204447624
3204447620
3204447616
3204447628
443456
3204447612
3204447628
3204447628
3204447628
3204447624
3204447620
3204447616
3204447628
443460
3204447612
3204447628
3204447628
3204447628
3204447624
3204447620
3204447616
3204447628
443464
3204447612
3204447628
3204447628
3204447628
3204447624
3204447620
3204447616
3204447628
443468
3204447612
3204447628
3204447628
3204447628
3204447624
3204447620
3204447616
3204447628
443472
3204447612
3204447628
3204447628
3204447628
3204447624
3204447624
3204447624
3204447628
3204447628
3204447624
3204447620
3204447616
3204447628
443476
3204447612
3204447628
3204447628
3204447628
3204447624
3204447620
3204447616
3204447628
443480
3204447612
3204447628
3204447628
3204447628
3204447624
3204447620
3204447616
3204447628
443484
3204447612
3204447628
3204447628
3204447628
3204447624
3204447620
3204447616
3204447628
443488
3204447612
3204447628
3204447628
3204447628
3204447624
3204447620
3204447616
3204447628
443492
3204447612
3204447628
3204447628
3204447628
3204447624
3204447624
3204447624
3204447620
3204447620
3204447620
3204447616
3204447616
3204447616
3204447620
3204447620
3204447624
3204447624
3204447628
3204447628
3204447624
3204447620
3204447616
3204447628
443496
3204447612
3204447628
3204447628
3204447628
3204447624
3204447620
3204447616
3204447628
443500
3204447612
3204447628
3204447628
3204447628
3204447624
3204447620
3204447616
3204447628
443504
3204447612
3204447628
3204447628
3204447628
3204447624
3204447620
3204447616
3204447628
443508
3204447612
3204447628
3204447628
3204447628
3204447624
3204447620
3204447616
3204447628
443512
3204447612
3204447628
3204447628
3204447628
3204447624
3204447624
3204447624
3204447628
3204447628
3204447624
3204447620
3204447616
3204447628
443516
3204447612
3204447628
3204447628
3204447628
3204447624
3204447620
3204447616
3204447628
443520
3204447612
3204447628
3204447628
3204447628
3204447624
3204447620
3204447616
3204447628
443524
3204447612
3204447628
3204447628
3204447628
3204447624
3204447620
3204447616
3204447628
443528
3204447612
3204447628
3204447628
3204447628
3204447624
3204447620
3204447616
3204447628
443532
3204447612
3204447628
3204447628
3204447628
3204447624
3204447624
3204447624
3204447628
3204447628
3204447624
3204447620
3204447616
3204447628
443536
3204447612
3204447628
3204447628
3204447628
3204447624
3204447620
3204447616
3204447628
443540
3204447612
3204447628
3204447628
3204447628
3204447624
3204447620
3204447616
3204447628
443544
3204447612
3204447628
3204447628
3204447628
3204447624
3204447620
3204447616
3204447628
443548
3204447612
3204447628
3204447628
3204447628
3204447624
3204447620
3204447616
3204447628
443552
3204447612
3204447628
3204447628
3204447628
3204447624
3204447624
3204447624
3204447628
3204447628
3204447624
3204447620
3204447616
3204447628
443556
3204447612
3204447628
3204447628
3204447628
3204447624
3204447620
3204447616
3204447628
443560
3204447612
3204447628
3204447628
3204447628
3204447624
3204447620
3204447616
3204447628
443564
3204447612
3204447628
3204447628
3204447628
3204447624
3204447620
3204447616
3204447628
443568
3204447612
3204447628
3204447628
3204447628
3204447624
3204447620
3204447616
3204447628
443572
3204447612
3204447628
3204447628
3204447628
3204447624
3204447624
3204447624
3204447628
3204447628
3204447624
3204447620
3204447616
3204447628
443576
3204447612
3204447628
3204447628
3204447628
3204447624
3204447620
3204447616
3204447628
443580
3204447612
3204447628
3204447628
3204447628
3204447624
3204447620
3204447616
3204447628
443584
3204447612
3204447628
3204447628
3204447628
3204447624
3204447620
3204447616
3204447628
443588
3204447612
3204447628
3204447628
3204447628
3204447624
3204447620
3204447616
3204447628
443592
3204447612
3204447628
3204447628
3204447628
3204447624
3204447624
3204447624
3204447620
3204447620
3204447620
3204447624
3204447624
3204447628
3204447628
3204447624
3204447620
3204447616
3204447628
443596
3204447612
3204447628
3204447628
3204447628
3204447624
3204447620
3204447616
3204447628
443600
3204447612
3204447628
3204447628
3204447628
3204447624
3204447620
3204447616
3204447628
443604
3204447612
3204447628
3204447628
3204447628
3204447624
3204447620
3204447616
3204447628
443608
3204447612
3204447628
3204447628
3204447628
3204447624
3204447620
3204447616
3204447628
443612
3204447612
3204447628
3204447628
3204447628
3204447624
3204447624
3204447624
3204447628
3204447628
3204447624
3204447620
3204447616
3204447628
443616
3204447612
3204447628
3204447628
3204447628
3204447624
3204447620
3204447616
3204447628
443620
3204447612
3204447628
3204447628
3204447628
3204447624
3204447620
3204447616
3204447628
443624
3204447612
3204447628
3204447628
3204447628
3204447624
3204447620
3204447616
3204447628
443628
3204447612
3204447628
3204447628
3204447628
3204447624
3204447620
3204447616
3204447628
443632
3204447612
3204447628
3204447628
3204447628
3204447624
3204447624
3204447624
3204447628
3204447628
3204447624
3204447620
3204447616
3204447628
443636
3204447612
3204447628
3204447628
3204447628
3204447624
3204447620
3204447616
3204447628
443640
3204447612
3204447628
3204447628
3204447628
3204447624
3204447620
3204447616
3204447628
443644
3204447612
3204447628
3204447628
3204447628
3204447624
3204447620
3204447616
3204447628
443648
3204447612
3204447628
3204447628
3204447628
3204447624
3204447620
3204447616
3204447628
443652
3204447612
3204447628
3204447628
3204447628
3204447624
3204447624
3204447624
3204447628
3204447628
3204447624
3204447620
3204447616
3204447628
443656
3204447612
3204447628
3204447628
3204447628
3204447624
3204447620
3204447616
3204447628
443660
3204447612
3204447628
3204447628
3204447628
3204447624
3204447620
3204447616
3204447628
443664
3204447612
3204447628
3204447628
3204447628
3204447624
3204447620
3204447616
3204447628
443668
3204447612
3204447628
3204447628
3204447628
3204447624
3204447620
3204447616
3204447628
443672
3204447612
3204447628
3204447628
3204447628
3204447624
3204447624
3204447624
3204447628
3204447628
3204447624
3204447620
3204447616
3204447628
443676
3204447612
3204447628
3204447628
3204447628
3204447624
3204447620
3204447616
3204447628
443680
3204447612
3204447628
3204447628
3204447628
3204447624
3204447620
3204447616
3204447628
443684
3204447612
3204447628
3204447628
3204447628
3204447624
3204447620
3204447616
3204447628
443688
3204447612
3204447628
3204447628
3204447628
3204447624
3204447620
3204447616
3204447628
443692
3204447612
3204447628
3204447628
3204447628
3204447624
3204447624
3204447624
3204447620
3204447620
3204447620
3204447624
3204447624
3204447628
3204447628
3204447624
3204447620
3204447616
3204447628
443696
3204447612
3204447628
3204447628
3204447628
3204447624
3204447620
3204447616
3204447628
443700
3204447612
3204447628
3204447628
3204447628
3204447624
3204447620
3204447616
3204447628
443704
3204447612
3204447628
3204447628
3204447628
3204447624
3204447620
3204447616
3204447628
443708
3204447612
3204447628
3204447628
3204447628
3204447624
3204447620
3204447616
3204447628
443712
3204447612
3204447628
3204447628
3204447628
3204447624
3204447624
3204447624
3204447628
3204447628
3204447624
3204447620
3204447616
3204447628
443716
3204447612
3204447628
3204447628
3204447628
3204447624
3204447620
3204447616
3204447628
443720
3204447612
3204447628
3204447628
3204447628
3204447624
3204447620
3204447616
3204447628
443724
3204447612
3204447628
3204447628
3204447628
3204447624
3204447620
3204447616
3204447628
443728
3204447612
3204447628
3204447628
3204447628
3204447624
3204447620
3204447616
3204447628
443732
3204447612
3204447628
3204447628
3204447628
3204447624
3204447624
3204447624
3204447628
3204447628
3204447624
3204447620
3204447616
3204447628
443736
3204447612
3204447628
3204447628
3204447628
3204447624
3204447620
3204447616
3204447628
443740
3204447612
3204447628
3204447628
3204447628
3204447624
3204447620
3204447616
3204447628
443744
3204447612
3204447628
3204447628
3204447628
3204447624
3204447620
3204447616
3204447628
443748
3204447612
3204447628
3204447628
3204447628
3204447624
3204447620
3204447616
3204447628
443752
3204447612
3204447628
3204447628
3204447628
3204447624
3204447624
3204447624
3204447628
3204447628
3204447624
3204447620
3204447616
3204447628
443756
3204447612
3204447628
3204447628
3204447628
3204447624
3204447620
3204447616
3204447628
443760
3204447612
3204447628
3204447628
3204447628
3204447624
3204447620
3204447616
3204447628
443764
3204447612
3204447628
3204447628
3204447628
3204447624
3204447620
3204447616
3204447628
443768
3204447612
3204447628
3204447628
3204447628
3204447624
3204447620
3204447616
3204447628
443772
3204447612
3204447628
3204447628
3204447628
3204447624
3204447624
3204447624
3204447628
3204447628
3204447624
3204447620
3204447616
3204447628
443776
3204447612
3204447628
3204447628
3204447628
3204447624
3204447620
3204447616
3204447628
443780
3204447612
3204447628
3204447628
3204447628
3204447624
3204447620
3204447616
3204447628
443784
3204447612
3204447628
3204447628
3204447628
3204447624
3204447620
3204447616
3204447628
443788
3204447612
3204447628
3204447628
3204447628
3204447624
3204447620
3204447616
3204447628
443792
3204447612
3204447628
3204447628
3204447628
3204447624
3204447624
3204447624
3204447620
3204447620
3204447620
3204447624
3204447624
3204447628
3204447628
3204447624
3204447620
3204447616
3204447628
443796
3204447612
3204447628
3204447628
3204447628
3204447624
3204447620
3204447616
3204447628
443800
3204447612
3204447628
3204447628
3204447628
3204447624
3204447620
3204447616
3204447628
443804
3204447612
3204447628
3204447628
3204447628
3204447624
3204447620
3204447616
3204447628
443808
3204447612
3204447628
3204447628
3204447628
3204447624
3204447620
3204447616
3204447628
443812
3204447612
3204447628
3204447628
3204447628
3204447624
3204447624
3204447624
3204447628
3204447628
3204447624
3204447620
3204447616
3204447628
443816
3204447612
3204447628
3204447628
3204447628
3204447624
3204447620
3204447616
3204447628
443820
3204447612
3204447628
3204447628
3204447628
3204447624
3204447620
3204447616
3204447628
443824
3204447612
3204447628
3204447628
3204447628
3204447624
3204447620
3204447616
3204447628
443828
3204447612
3204447628
3204447628
3204447628
3204447624
3204447620
3204447616
3204447628
443832
3204447612
3204447628
3204447628
3204447628
3204447624
3204447624
3204447624
3204447628
3204447628
3204447624
3204447620
3204447616
3204447628
443836
3204447612
3204447628
3204447628
3204447628
3204447624
3204447620
3204447616
3204447628
443840
3204447612
3204447628
3204447628
3204447628
3204447624
3204447620
3204447616
3204447628
443844
3204447612
3204447628
3204447628
3204447628
3204447624
3204447620
3204447616
3204447628
443848
3204447612
3204447628
3204447628
3204447628
3204447624
3204447620
3204447616
3204447628
443852
3204447612
3204447628
3204447628
3204447628
3204447624
3204447624
3204447624
3204447628
3204447628
3204447624
3204447620
3204447616
3204447628
443856
3204447612
3204447628
3204447628
3204447628
3204447624
3204447620
3204447616
3204447628
443860
3204447612
3204447628
3204447628
3204447628
3204447624
3204447620
3204447616
3204447628
443864
3204447612
3204447628
3204447628
3204447628
3204447624
3204447620
3204447616
3204447628
443868
3204447612
3204447628
3204447628
3204447628
3204447624
3204447620
3204447616
3204447628
443872
3204447612
3204447628
3204447628
3204447628
3204447624
3204447624
3204447624
3204447628
3204447628
3204447624
3204447620
3204447616
3204447628
443876
3204447612
3204447628
3204447628
3204447628
3204447624
3204447620
3204447616
3204447628
443880
3204447612
3204447628
3204447628
3204447628
3204447624
3204447620
3204447616
3204447628
443884
3204447612
3204447628
3204447628
3204447628
3204447624
3204447620
3204447616
3204447628
443888
3204447612
3204447628
3204447628
3204447628
3204447624
3204447620
3204447616
3204447628
443892
3204447612
3204447628
3204447628
3204447628
3204447624
3204447624
3204447624
3204447620
3204447620
3204447620
3204447624
3204447624
3204447628
3204447628
3204447624
3204447620
3204447616
3204447628
443896
3204447612
3204447628
3204447628
3204447628
3204447624
3204447620
3204447616
3204447628
443900
3204447612
3204447628
3204447628
3204447628
3204447624
3204447620
3204447616
3204447628
443904
3204447612
3204447628
3204447628
3204447628
3204447624
3204447620
3204447616
3204447628
443908
3204447612
3204447628
3204447628
3204447628
3204447624
3204447620
3204447616
3204447628
443912
3204447612
3204447628
3204447628
3204447628
3204447624
3204447624
3204447624
3204447628
3204447628
3204447624
3204447620
3204447616
3204447628
443916
3204447612
3204447628
3204447628
3204447628
3204447624
3204447620
3204447616
3204447628
443920
3204447612
3204447628
3204447628
3204447628
3204447624
3204447620
3204447616
3204447628
443924
3204447612
3204447628
3204447628
3204447628
3204447624
3204447620
3204447616
3204447628
443928
3204447612
3204447628
3204447628
3204447628
3204447624
3204447620
3204447616
3204447628
443932
3204447612
3204447628
3204447628
3204447628
3204447624
3204447624
3204447624
3204447628
3204447628
3204447624
3204447620
3204447616
3204447628
443936
3204447612
3204447628
3204447628
3204447628
3204447624
3204447620
3204447616
3204447628
443940
3204447612
3204447628
3204447628
3204447628
3204447624
3204447620
3204447616
3204447628
443944
3204447612
3204447628
3204447628
3204447628
3204447624
3204447620
3204447616
3204447628
443948
3204447612
3204447628
3204447628
3204447628
3204447624
3204447620
3204447616
3204447628
443952
3204447612
3204447628
3204447628
3204447628
3204447624
3204447624
3204447624
3204447628
3204447628
3204447624
3204447620
3204447616
3204447628
443956
3204447612
3204447628
3204447628
3204447628
3204447624
3204447620
3204447616
3204447628
443960
3204447612
3204447628
3204447628
3204447628
3204447624
3204447620
3204447616
3204447628
443964
3204447612
3204447628
3204447628
3204447628
3204447624
3204447620
3204447616
3204447628
443968
3204447612
3204447628
3204447628
3204447628
3204447624
3204447620
3204447616
3204447628
443972
3204447612
3204447628
3204447628
3204447628
3204447624
3204447624
3204447624
3204447628
3204447628
3204447624
3204447620
3204447616
3204447628
443976
3204447612
3204447628
3204447628
3204447628
3204447624
3204447620
3204447616
3204447628
443980
3204447612
3204447628
3204447628
3204447628
3204447624
3204447620
3204447616
3204447628
443984
3204447612
3204447628
3204447628
3204447628
3204447624
3204447620
3204447616
3204447628
443988
3204447612
3204447628
3204447628
3204447628
3204447624
3204447620
3204447616
3204447628
443992
3204447612
3204447628
3204447628
3204447628
3204447624
3204447624
3204447624
3204447620
3204447620
3204447620
3204447616
3204447616
3204447616
3204447620
3204447620
3204447624
3204447624
3204447628
3204447628
3204447624
3204447620
3204447616
3204447628
443996
3204447612
3204447628
3204447628
3204447628
3204447624
3204447620
3204447616
3204447628
444000
3204447612
3204447628
3204447628
3204447628
3204447624
3204447620
3204447616
3204447628
444004
3204447612
3204447628
3204447628
3204447628
3204447624
3204447620
3204447616
3204447628
444008
3204447612
3204447628
3204447628
3204447628
3204447624
3204447620
3204447616
3204447628
444012
3204447612
3204447628
3204447628
3204447628
3204447624
3204447624
3204447624
3204447628
3204447628
3204447624
3204447620
3204447616
3204447628
444016
3204447612
3204447628
3204447628
3204447628
3204447624
3204447620
3204447616
3204447628
444020
3204447612
3204447628
3204447628
3204447628
3204447624
3204447620
3204447616
3204447628
444024
3204447612
3204447628
3204447628
3204447628
3204447624
3204447620
3204447616
3204447628
444028
3204447612
3204447628
3204447628
3204447628
3204447624
3204447620
3204447616
3204447628
444032
3204447612
3204447628
3204447628
3204447628
3204447624
3204447624
3204447624
3204447628
3204447628
3204447624
3204447620
3204447616
3204447628
444036
3204447612
3204447628
3204447628
3204447628
3204447624
3204447620
3204447616
3204447628
444040
3204447612
3204447628
3204447628
3204447628
3204447624
3204447620
3204447616
3204447628
444044
3204447612
3204447628
3204447628
3204447628
3204447624
3204447620
3204447616
3204447628
444048
3204447612
3204447628
3204447628
3204447628
3204447624
3204447620
3204447616
3204447628
444052
3204447612
3204447628
3204447628
3204447628
3204447624
3204447624
3204447624
3204447628
3204447628
3204447624
3204447620
3204447616
3204447628
444056
3204447612
3204447628
3204447628
3204447628
3204447624
3204447620
3204447616
3204447628
444060
3204447612
3204447628
3204447628
3204447628
3204447624
3204447620
3204447616
3204447628
444064
3204447612
3204447628
3204447628
3204447628
3204447624
3204447620
3204447616
3204447628
444068
3204447612
3204447628
3204447628
3204447628
3204447624
3204447620
3204447616
3204447628
444072
3204447612
3204447628
3204447628
3204447628
3204447624
3204447624
3204447624
3204447628
3204447628
3204447624
3204447620
3204447616
3204447628
444076
3204447612
3204447628
3204447628
3204447628
3204447624
3204447620
3204447616
3204447628
444080
3204447612
3204447628
3204447628
3204447628
3204447624
3204447620
3204447616
3204447628
444084
3204447612
3204447628
3204447628
3204447628
3204447624
3204447620
3204447616
3204447628
444088
3204447612
3204447628
3204447628
3204447628
3204447624
3204447620
3204447616
3204447628
444092
3204447612
3204447628
3204447628
3204447628
3204447624
3204447624
3204447624
3204447620
3204447620
3204447620
3204447624
3204447624
3204447628
3204447628
3204447624
3204447620
3204447616
3204447628
444096
3204447612
3204447628
3204447628
3204447628
3204447624
3204447620
3204447616
3204447628
444100
3204447612
3204447628
3204447628
3204447628
3204447624
3204447620
3204447616
3204447628
444104
3204447612
3204447628
3204447628
3204447628
3204447624
3204447620
3204447616
3204447628
444108
3204447612
3204447628
3204447628
3204447628
3204447624
3204447620
3204447616
3204447628
444112
3204447612
3204447628
3204447628
3204447628
3204447624
3204447624
3204447624
3204447628
3204447628
3204447624
3204447620
3204447616
3204447628
444116
3204447612
3204447628
3204447628
3204447628
3204447624
3204447620
3204447616
3204447628
444120
3204447612
3204447628
3204447628
3204447628
3204447624
3204447620
3204447616
3204447628
444124
3204447612
3204447628
3204447628
3204447628
3204447624
3204447620
3204447616
3204447628
444128
3204447612
3204447628
3204447628
3204447628
3204447624
3204447620
3204447616
3204447628
444132
3204447612
3204447628
3204447628
3204447628
3204447624
3204447624
3204447624
3204447628
3204447628
3204447624
3204447620
3204447616
3204447628
444136
3204447612
3204447628
3204447628
3204447628
3204447624
3204447620
3204447616
3204447628
444140
3204447612
3204447628
3204447628
3204447628
3204447624
3204447620
3204447616
3204447628
444144
3204447612
3204447628
3204447628
3204447628
3204447624
3204447620
3204447616
3204447628
444148
3204447612
3204447628
3204447628
3204447628
3204447624
3204447620
3204447616
3204447628
444152
3204447612
3204447628
3204447628
3204447628
3204447624
3204447624
3204447624
3204447628
3204447628
3204447624
3204447620
3204447616
3204447628
444156
3204447612
3204447628
3204447628
3204447628
3204447624
3204447620
3204447616
3204447628
444160
3204447612
3204447628
3204447628
3204447628
3204447624
3204447620
3204447616
3204447628
444164
3204447612
3204447628
3204447628
3204447628
3204447624
3204447620
3204447616
3204447628
444168
3204447612
3204447628
3204447628
3204447628
3204447624
3204447620
3204447616
3204447628
444172
3204447612
3204447628
3204447628
3204447628
3204447624
3204447624
3204447624
3204447628
3204447628
3204447624
3204447620
3204447616
3204447628
444176
3204447612
3204447628
3204447628
3204447628
3204447624
3204447620
3204447616
3204447628
444180
3204447612
3204447628
3204447628
3204447628
3204447624
3204447620
3204447616
3204447628
444184
3204447612
3204447628
3204447628
3204447628
3204447624
3204447620
3204447616
3204447628
444188
3204447612
3204447628
3204447628
3204447628
3204447624
3204447620
3204447616
3204447628
444192
3204447612
3204447628
3204447628
3204447628
3204447624
3204447624
3204447624
3204447620
3204447620
3204447620
3204447624
3204447624
3204447628
3204447628
3204447624
3204447620
3204447616
3204447628
444196
3204447612
3204447628
3204447628
3204447628
3204447624
3204447620
3204447616
3204447628
444200
3204447612
3204447628
3204447628
3204447628
3204447624
3204447620
3204447616
3204447628
444204
3204447612
3204447628
3204447628
3204447628
3204447624
3204447620
3204447616
3204447628
444208
3204447612
3204447628
3204447628
3204447628
3204447624
3204447620
3204447616
3204447628
444212
3204447612
3204447628
3204447628
3204447628
3204447624
3204447624
3204447624
3204447628
3204447628
3204447624
3204447620
3204447616
3204447628
444216
3204447612
3204447628
3204447628
3204447628
3204447624
3204447620
3204447616
3204447628
444220
3204447612
3204447628
3204447628
3204447628
3204447624
3204447620
3204447616
3204447628
444224
3204447612
3204447628
3204447628
3204447628
3204447624
3204447620
3204447616
3204447628
444228
3204447612
3204447628
3204447628
3204447628
3204447624
3204447620
3204447616
3204447628
444232
3204447612
3204447628
3204447628
3204447628
3204447624
3204447624
3204447624
3204447628
3204447628
3204447624
3204447620
3204447616
3204447628
444236
3204447612
3204447628
3204447628
3204447628
3204447624
3204447620
3204447616
3204447628
444240
3204447612
3204447628
3204447628
3204447628
3204447624
3204447620
3204447616
3204447628
444244
3204447612
3204447628
3204447628
3204447628
3204447624
3204447620
3204447616
3204447628
444248
3204447612
3204447628
3204447628
3204447628
3204447624
3204447620
3204447616
3204447628
444252
3204447612
3204447628
3204447628
3204447628
3204447624
3204447624
3204447624
3204447628
3204447628
3204447624
3204447620
3204447616
3204447628
444256
3204447612
3204447628
3204447628
3204447628
3204447624
3204447620
3204447616
3204447628
444260
3204447612
3204447628
3204447628
3204447628
3204447624
3204447620
3204447616
3204447628
444264
3204447612
3204447628
3204447628
3204447628
3204447624
3204447620
3204447616
3204447628
444268
3204447612
3204447628
3204447628
3204447628
3204447624
3204447620
3204447616
3204447628
444272
3204447612
3204447628
3204447628
3204447628
3204447624
3204447624
3204447624
3204447628
3204447628
3204447624
3204447620
3204447616
3204447628
444276
3204447612
3204447628
3204447628
3204447628
3204447624
3204447620
3204447616
3204447628
444280
3204447612
3204447628
3204447628
3204447628
3204447624
3204447620
3204447616
3204447628
444284
3204447612
3204447628
3204447628
3204447628
3204447624
3204447620
3204447616
3204447628
444288
3204447612
3204447628
3204447628
3204447628
3204447624
3204447620
3204447616
3204447628
444292
3204447612
3204447628
3204447628
3204447628
3204447624
3204447624
3204447624
3204447620
3204447620
3204447620
3204447624
3204447624
3204447628
3204447628
3204447624
3204447620
3204447616
3204447628
444296
3204447612
3204447628
3204447628
3204447628
3204447624
3204447620
3204447616
3204447628
444300
3204447612
3204447628
3204447628
3204447628
3204447624
3204447620
3204447616
3204447628
444304
3204447612
3204447628
3204447628
3204447628
3204447624
3204447620
3204447616
3204447628
444308
3204447612
3204447628
3204447628
3204447628
3204447624
3204447620
3204447616
3204447628
444312
3204447612
3204447628
3204447628
3204447628
3204447624
3204447624
3204447624
3204447628
3204447628
3204447624
3204447620
3204447616
3204447628
444316
3204447612
3204447628
3204447628
3204447628
3204447624
3204447620
3204447616
3204447628
444320
3204447612
3204447628
3204447628
3204447628
3204447624
3204447620
3204447616
3204447628
444324
3204447612
3204447628
3204447628
3204447628
3204447624
3204447620
3204447616
3204447628
444328
3204447612
3204447628
3204447628
3204447628
3204447624
3204447620
3204447616
3204447628
444332
3204447612
3204447628
3204447628
3204447628
3204447624
3204447624
3204447624
3204447628
3204447628
3204447624
3204447620
3204447616
3204447628
444336
3204447612
3204447628
3204447628
3204447628
3204447624
3204447620
3204447616
3204447628
444340
3204447612
3204447628
3204447628
3204447628
3204447624
3204447620
3204447616
3204447628
444344
3204447612
3204447628
3204447628
3204447628
3204447624
3204447620
3204447616
3204447628
444348
3204447612
3204447628
3204447628
3204447628
3204447624
3204447620
3204447616
3204447628
444352
3204447612
3204447628
3204447628
3204447628
3204447624
3204447624
3204447624
3204447628
3204447628
3204447624
3204447620
3204447616
3204447628
444356
3204447612
3204447628
3204447628
3204447628
3204447624
3204447620
3204447616
3204447628
444360
3204447612
3204447628
3204447628
3204447628
3204447624
3204447620
3204447616
3204447628
444364
3204447612
3204447628
3204447628
3204447628
3204447624
3204447620
3204447616
3204447628
444368
3204447612
3204447628
3204447628
3204447628
3204447624
3204447620
3204447616
3204447628
444372
3204447612
3204447628
3204447628
3204447628
3204447624
3204447624
3204447624
3204447628
3204447628
3204447624
3204447620
3204447616
3204447628
444376
3204447612
3204447628
3204447628
3204447628
3204447624
3204447620
3204447616
3204447628
444380
3204447612
3204447628
3204447628
3204447628
3204447624
3204447620
3204447616
3204447628
444384
3204447612
3204447628
3204447628
3204447628
3204447624
3204447620
3204447616
3204447628
444388
3204447612
3204447628
3204447628
3204447628
3204447624
3204447620
3204447616
3204447628
444392
3204447612
3204447628
3204447628
3204447628
3204447624
3204447624
3204447624
3204447620
3204447620
3204447620
3204447624
3204447624
3204447628
3204447628
3204447624
3204447620
3204447616
3204447628
444396
3204447612
3204447628
3204447628
3204447628
3204447624
3204447620
3204447616
3204447628
444400
3204447612
3204447628
3204447628
3204447628
3204447624
3204447620
3204447616
3204447628
444404
3204447612
3204447628
3204447628
3204447628
3204447624
3204447620
3204447616
3204447628
444408
3204447612
3204447628
3204447628
3204447628
3204447624
3204447620
3204447616
3204447628
444412
3204447612
3204447628
3204447628
3204447628
3204447624
3204447624
3204447624
3204447628
3204447628
3204447624
3204447620
3204447616
3204447628
444416
3204447612
3204447628
3204447628
3204447628
3204447624
3204447620
3204447616
3204447628
444420
3204447612
3204447628
3204447628
3204447628
3204447624
3204447620
3204447616
3204447628
444424
3204447612
3204447628
3204447628
3204447628
3204447624
3204447620
3204447616
3204447628
444428
3204447612
3204447628
3204447628
3204447628
3204447624
3204447620
3204447616
3204447628
444432
3204447612
3204447628
3204447628
3204447628
3204447624
3204447624
3204447624
3204447628
3204447628
3204447624
3204447620
3204447616
3204447628
444436
3204447612
3204447628
3204447628
3204447628
3204447624
3204447620
3204447616
3204447628
444440
3204447612
3204447628
3204447628
3204447628
3204447624
3204447620
3204447616
3204447628
444444
3204447612
3204447628
3204447628
3204447628
3204447624
3204447620
3204447616
3204447628
444448
3204447612
3204447628
3204447628
3204447628
3204447624
3204447620
3204447616
3204447628
444452
3204447612
3204447628
3204447628
3204447628
3204447624
3204447624
3204447624
3204447628
3204447628
3204447624
3204447620
3204447616
3204447628
444456
3204447612
3204447628
3204447628
3204447628
3204447624
3204447620
3204447616
3204447628
444460
3204447612
3204447628
3204447628
3204447628
3204447624
3204447620
3204447616
3204447628
444464
3204447612
3204447628
3204447628
3204447628
3204447624
3204447620
3204447616
3204447628
444468
3204447612
3204447628
3204447628
3204447628
3204447624
3204447620
3204447616
3204447628
444472
3204447612
3204447628
3204447628
3204447628
3204447624
3204447624
3204447624
3204447628
3204447628
3204447624
3204447620
3204447616
3204447628
444476
3204447612
3204447628
3204447628
3204447628
3204447624
3204447620
3204447616
3204447628
444480
3204447612
3204447628
3204447628
3204447628
3204447624
3204447620
3204447616
3204447628
444484
3204447612
3204447628
3204447628
3204447628
3204447624
3204447620
3204447616
3204447628
444488
3204447612
3204447628
3204447628
3204447628
3204447624
3204447620
3204447616
3204447628
444492
3204447612
3204447628
3204447628
3204447628
3204447624
3204447624
3204447624
3204447620
3204447620
3204447620
3204447616
3204447616
3204447616
3204447620
3204447620
3204447624
3204447624
3204447628
3204447628
3204447624
3204447620
3204447616
3204447628
444496
3204447612
3204447628
3204447628
3204447628
3204447624
3204447620
3204447616
3204447628
444500
3204447612
3204447628
3204447628
3204447628
3204447624
3204447620
3204447616
3204447628
444504
3204447612
3204447628
3204447628
3204447628
3204447624
3204447620
3204447616
3204447628
444508
3204447612
3204447628
3204447628
3204447628
3204447624
3204447620
3204447616
3204447628
444512
3204447612
3204447628
3204447628
3204447628
3204447624
3204447624
3204447624
3204447628
3204447628
3204447624
3204447620
3204447616
3204447628
444516
3204447612
3204447628
3204447628
3204447628
3204447624
3204447620
3204447616
3204447628
444520
3204447612
3204447628
3204447628
3204447628
3204447624
3204447620
3204447616
3204447628
444524
3204447612
3204447628
3204447628
3204447628
3204447624
3204447620
3204447616
3204447628
444528
3204447612
3204447628
3204447628
3204447628
3204447624
3204447620
3204447616
3204447628
444532
3204447612
3204447628
3204447628
3204447628
3204447624
3204447624
3204447624
3204447628
3204447628
3204447624
3204447620
3204447616
3204447628
444536
3204447612
3204447628
3204447628
3204447628
3204447624
3204447620
3204447616
3204447628
444540
3204447612
3204447628
3204447628
3204447628
3204447624
3204447620
3204447616
3204447628
444544
3204447612
3204447628
3204447628
3204447628
3204447624
3204447620
3204447616
3204447628
444548
3204447612
3204447628
3204447628
3204447628
3204447624
3204447620
3204447616
3204447628
444552
3204447612
3204447628
3204447628
3204447628
3204447624
3204447624
3204447624
3204447628
3204447628
3204447624
3204447620
3204447616
3204447628
444556
3204447612
3204447628
3204447628
3204447628
3204447624
3204447620
3204447616
3204447628
444560
3204447612
3204447628
3204447628
3204447628
3204447624
3204447620
3204447616
3204447628
444564
3204447612
3204447628
3204447628
3204447628
3204447624
3204447620
3204447616
3204447628
444568
3204447612
3204447628
3204447628
3204447628
3204447624
3204447620
3204447616
3204447628
444572
3204447612
3204447628
3204447628
3204447628
3204447624
3204447624
3204447624
3204447628
3204447628
3204447624
3204447620
3204447616
3204447628
444576
3204447612
3204447628
3204447628
3204447628
3204447624
3204447620
3204447616
3204447628
444580
3204447612
3204447628
3204447628
3204447628
3204447624
3204447620
3204447616
3204447628
444584
3204447612
3204447628
3204447628
3204447628
3204447624
3204447620
3204447616
3204447628
444588
3204447612
3204447628
3204447628
3204447628
3204447624
3204447620
3204447616
3204447628
444592
3204447612
3204447628
3204447628
3204447628
3204447624
3204447624
3204447624
3204447620
3204447620
3204447620
3204447624
3204447624
3204447628
3204447628
3204447624
3204447620
3204447616
3204447628
444596
3204447612
3204447628
3204447628
3204447628
3204447624
3204447620
3204447616
3204447628
444600
3204447612
3204447628
3204447628
3204447628
3204447624
3204447620
3204447616
3204447628
444604
3204447612
3204447628
3204447628
3204447628
3204447624
3204447620
3204447616
3204447628
444608
3204447612
3204447628
3204447628
3204447628
3204447624
3204447620
3204447616
3204447628
444612
3204447612
3204447628
3204447628
3204447628
3204447624
3204447624
3204447624
3204447628
3204447628
3204447624
3204447620
3204447616
3204447628
444616
3204447612
3204447628
3204447628
3204447628
3204447624
3204447620
3204447616
3204447628
444620
3204447612
3204447628
3204447628
3204447628
3204447624
3204447620
3204447616
3204447628
444624
3204447612
3204447628
3204447628
3204447628
3204447624
3204447620
3204447616
3204447628
444628
3204447612
3204447628
3204447628
3204447628
3204447624
3204447620
3204447616
3204447628
444632
3204447612
3204447628
3204447628
3204447628
3204447624
3204447624
3204447624
3204447628
3204447628
3204447624
3204447620
3204447616
3204447628
444636
3204447612
3204447628
3204447628
3204447628
3204447624
3204447620
3204447616
3204447628
444640
3204447612
3204447628
3204447628
3204447628
3204447624
3204447620
3204447616
3204447628
444644
3204447612
3204447628
3204447628
3204447628
3204447624
3204447620
3204447616
3204447628
444648
3204447612
3204447628
3204447628
3204447628
3204447624
3204447620
3204447616
3204447628
444652
3204447612
3204447628
3204447628
3204447628
3204447624
3204447624
3204447624
3204447628
3204447628
3204447624
3204447620
3204447616
3204447628
444656
3204447612
3204447628
3204447628
3204447628
3204447624
3204447620
3204447616
3204447628
444660
3204447612
3204447628
3204447628
3204447628
3204447624
3204447620
3204447616
3204447628
444664
3204447612
3204447628
3204447628
3204447628
3204447624
3204447620
3204447616
3204447628
444668
3204447612
3204447628
3204447628
3204447628
3204447624
3204447620
3204447616
3204447628
444672
3204447612
3204447628
3204447628
3204447628
3204447624
3204447624
3204447624
3204447628
3204447628
3204447624
3204447620
3204447616
3204447628
444676
3204447612
3204447628
3204447628
3204447628
3204447624
3204447620
3204447616
3204447628
444680
3204447612
3204447628
3204447628
3204447628
3204447624
3204447620
3204447616
3204447628
444684
3204447612
3204447628
3204447628
3204447628
3204447624
3204447620
3204447616
3204447628
444688
3204447612
3204447628
3204447628
3204447628
3204447624
3204447620
3204447616
3204447628
444692
3204447612
3204447628
3204447628
3204447628
3204447624
3204447624
3204447624
3204447620
3204447620
3204447620
3204447624
3204447624
3204447628
3204447628
3204447624
3204447620
3204447616
3204447628
444696
3204447612
3204447628
3204447628
3204447628
3204447624
3204447620
3204447616
3204447628
444700
3204447612
3204447628
3204447628
3204447628
3204447624
3204447620
3204447616
3204447628
444704
3204447612
3204447628
3204447628
3204447628
3204447624
3204447620
3204447616
3204447628
444708
3204447612
3204447628
3204447628
3204447628
3204447624
3204447620
3204447616
3204447628
444712
3204447612
3204447628
3204447628
3204447628
3204447624
3204447624
3204447624
3204447628
3204447628
3204447624
3204447620
3204447616
3204447628
444716
3204447612
3204447628
3204447628
3204447628
3204447624
3204447620
3204447616
3204447628
444720
3204447612
3204447628
3204447628
3204447628
3204447624
3204447620
3204447616
3204447628
444724
3204447612
3204447628
3204447628
3204447628
3204447624
3204447620
3204447616
3204447628
444728
3204447612
3204447628
3204447628
3204447628
3204447624
3204447620
3204447616
3204447628
444732
3204447612
3204447628
3204447628
3204447628
3204447624
3204447624
3204447624
3204447628
3204447628
3204447624
3204447620
3204447616
3204447628
444736
3204447612
3204447628
3204447628
3204447628
3204447624
3204447620
3204447616
3204447628
444740
3204447612
3204447628
3204447628
3204447628
3204447624
3204447620
3204447616
3204447628
444744
3204447612
3204447628
3204447628
3204447628
3204447624
3204447620
3204447616
3204447628
444748
3204447612
3204447628
3204447628
3204447628
3204447624
3204447620
3204447616
3204447628
444752
3204447612
3204447628
3204447628
3204447628
3204447624
3204447624
3204447624
3204447628
3204447628
3204447624
3204447620
3204447616
3204447628
444756
3204447612
3204447628
3204447628
3204447628
3204447624
3204447620
3204447616
3204447628
444760
3204447612
3204447628
3204447628
3204447628
3204447624
3204447620
3204447616
3204447628
444764
3204447612
3204447628
3204447628
3204447628
3204447624
3204447620
3204447616
3204447628
444768
3204447612
3204447628
3204447628
3204447628
3204447624
3204447620
3204447616
3204447628
444772
3204447612
3204447628
3204447628
3204447628
3204447624
3204447624
3204447624
3204447628
3204447628
3204447624
3204447620
3204447616
3204447628
444776
3204447612
3204447628
3204447628
3204447628
3204447624
3204447620
3204447616
3204447628
444780
3204447612
3204447628
3204447628
3204447628
3204447624
3204447620
3204447616
3204447628
444784
3204447612
3204447628
3204447628
3204447628
3204447624
3204447620
3204447616
3204447628
444788
3204447612
3204447628
3204447628
3204447628
3204447624
3204447620
3204447616
3204447628
444792
3204447612
3204447628
3204447628
3204447628
3204447624
3204447624
3204447624
3204447620
3204447620
3204447620
3204447624
3204447624
3204447628
3204447628
3204447624
3204447620
3204447616
3204447628
444796
3204447612
3204447628
3204447628
3204447628
3204447624
3204447620
3204447616
3204447628
444800
3204447612
3204447628
3204447628
3204447628
3204447624
3204447620
3204447616
3204447628
444804
3204447612
3204447628
3204447628
3204447628
3204447624
3204447620
3204447616
3204447628
444808
3204447612
3204447628
3204447628
3204447628
3204447624
3204447620
3204447616
3204447628
444812
3204447612
3204447628
3204447628
3204447628
3204447624
3204447624
3204447624
3204447628
3204447628
3204447624
3204447620
3204447616
3204447628
444816
3204447612
3204447628
3204447628
3204447628
3204447624
3204447620
3204447616
3204447628
444820
3204447612
3204447628
3204447628
3204447628
3204447624
3204447620
3204447616
3204447628
444824
3204447612
3204447628
3204447628
3204447628
3204447624
3204447620
3204447616
3204447628
444828
3204447612
3204447628
3204447628
3204447628
3204447624
3204447620
3204447616
3204447628
444832
3204447612
3204447628
3204447628
3204447628
3204447624
3204447624
3204447624
3204447628
3204447628
3204447624
3204447620
3204447616
3204447628
444836
3204447612
3204447628
3204447628
3204447628
3204447624
3204447620
3204447616
3204447628
444840
3204447612
3204447628
3204447628
3204447628
3204447624
3204447620
3204447616
3204447628
444844
3204447612
3204447628
3204447628
3204447628
3204447624
3204447620
3204447616
3204447628
444848
3204447612
3204447628
3204447628
3204447628
3204447624
3204447620
3204447616
3204447628
444852
3204447612
3204447628
3204447628
3204447628
3204447624
3204447624
3204447624
3204447628
3204447628
3204447624
3204447620
3204447616
3204447628
444856
3204447612
3204447628
3204447628
3204447628
3204447624
3204447620
3204447616
3204447628
444860
3204447612
3204447628
3204447628
3204447628
3204447624
3204447620
3204447616
3204447628
444864
3204447612
3204447628
3204447628
3204447628
3204447624
3204447620
3204447616
3204447628
444868
3204447612
3204447628
3204447628
3204447628
3204447624
3204447620
3204447616
3204447628
444872
3204447612
3204447628
3204447628
3204447628
3204447624
3204447624
3204447624
3204447628
3204447628
3204447624
3204447620
3204447616
3204447628
444876
3204447612
3204447628
3204447628
3204447628
3204447624
3204447620
3204447616
3204447628
444880
3204447612
3204447628
3204447628
3204447628
3204447624
3204447620
3204447616
3204447628
444884
3204447612
3204447628
3204447628
3204447628
3204447624
3204447620
3204447616
3204447628
444888
3204447612
3204447628
3204447628
3204447628
3204447624
3204447620
3204447616
3204447628
444892
3204447612
3204447628
3204447628
3204447628
3204447624
3204447624
3204447624
3204447620
3204447620
3204447620
3204447624
3204447624
3204447628
3204447628
3204447624
3204447620
3204447616
3204447628
444896
3204447612
3204447628
3204447628
3204447628
3204447624
3204447620
3204447616
3204447628
444900
3204447612
3204447628
3204447628
3204447628
3204447624
3204447620
3204447616
3204447628
444904
3204447612
3204447628
3204447628
3204447628
3204447624
3204447620
3204447616
3204447628
444908
3204447612
3204447628
3204447628
3204447628
3204447624
3204447620
3204447616
3204447628
444912
3204447612
3204447628
3204447628
3204447628
3204447624
3204447624
3204447624
3204447628
3204447628
3204447624
3204447620
3204447616
3204447628
444916
3204447612
3204447628
3204447628
3204447628
3204447624
3204447620
3204447616
3204447628
444920
3204447612
3204447628
3204447628
3204447628
3204447624
3204447620
3204447616
3204447628
444924
3204447612
3204447628
3204447628
3204447628
3204447624
3204447620
3204447616
3204447628
444928
3204447612
3204447628
3204447628
3204447628
3204447624
3204447620
3204447616
3204447628
444932
3204447612
3204447628
3204447628
3204447628
3204447624
3204447624
3204447624
3204447628
3204447628
3204447624
3204447620
3204447616
3204447628
444936
3204447612
3204447628
3204447628
3204447628
3204447624
3204447620
3204447616
3204447628
444940
3204447612
3204447628
3204447628
3204447628
3204447624
3204447620
3204447616
3204447628
444944
3204447612
3204447628
3204447628
3204447628
3204447624
3204447620
3204447616
3204447628
444948
3204447612
3204447628
3204447628
3204447628
3204447624
3204447620
3204447616
3204447628
444952
3204447612
3204447628
3204447628
3204447628
3204447624
3204447624
3204447624
3204447628
3204447628
3204447624
3204447620
3204447616
3204447628
444956
3204447612
3204447628
3204447628
3204447628
3204447624
3204447620
3204447616
3204447628
444960
3204447612
3204447628
3204447628
3204447628
3204447624
3204447620
3204447616
3204447628
444964
3204447612
3204447628
3204447628
3204447628
3204447624
3204447620
3204447616
3204447628
444968
3204447612
3204447628
3204447628
3204447628
3204447624
3204447620
3204447616
3204447628
444972
3204447612
3204447628
3204447628
3204447628
3204447624
3204447624
3204447624
3204447628
3204447628
3204447624
3204447620
3204447616
3204447628
444976
3204447612
3204447628
3204447628
3204447628
3204447624
3204447620
3204447616
3204447628
444980
3204447612
3204447628
3204447628
3204447628
3204447624
3204447620
3204447616
3204447628
444984
3204447612
3204447628
3204447628
3204447628
3204447624
3204447620
3204447616
3204447628
444988
3204447612
3204447628
3204447628
3204447628
3204447624
3204447620
3204447616
3204447628
444992
3204447612
3204447628
3204447628
3204447628
3204447624
3204447624
3204447624
3204447620
3204447620
3204447620
3204447616
3204447616
3204447616
3204447636
3204447644
3204447648
