35272
35274
35278
35280
35282
35284
35286
71546
71548
71550
71552
35290
35292
35294
35296
35298
35300
35304
35308
35310
35312
35314
35318
35322
35324
35326
35328
35330
35334
35338
35340
35344
35348
35350
35352
35354
35358
35362
35366
35368
35370
35374
35378
35382
35384
35386
35390
35394
35396
35398
35400
35554
35558
35562
35564
35566
35568
35572
35576
35578
35580
35582
35584
35588
35592
35594
35598
35602
35604
35606
35608
35612
35616
35620
35622
35624
35628
35632
35636
35638
35640
35644
35648
35650
35652
35654
35808
35812
35816
35818
35820
35822
35826
35830
35832
35834
35836
35838
35842
35846
35848
35852
35856
35858
35860
35862
35866
35870
35874
35876
35878
35882
35886
35890
35892
35894
35898
35902
35904
35906
35908
36062
36066
36070
36072
36074
36076
36080
36084
36086
36088
36090
36092
36096
36100
36102
36106
36110
36112
36114
36116
36120
36124
36128
36130
36132
36136
36140
36144
36146
36148
36152
36156
36158
36160
36162
36316
36320
36324
36326
36328
36330
36334
36338
36340
36342
36344
36346
36350
36354
36356
36360
36364
36366
36368
36370
36374
36378
36382
36384
36386
36390
36394
36398
36400
36402
36406
36410
36412
36414
36416
36570
36574
36578
36580
36582
36584
36588
36592
36594
36596
36598
36600
36604
36608
36610
36614
36618
36620
36622
36624
36628
36632
36636
36638
36640
36644
36648
36652
36654
36656
36660
36664
36666
36668
36670
36824
36828
36832
36834
36836
36840
36844
36848
36850
36852
36854
36856
36860
36864
36866
36870
36874
36876
36878
36880
36884
36888
36890
36894
36898
36900
36902
36904
36908
36912
36916
36918
36920
36924
36928
36932
36934
36936
36940
36944
36946
36948
36950
37104
37108
37112
37114
37116
37120
37124
37128
37130
37132
37134
37136
37140
37144
37146
37150
37154
37156
37158
37160
37164
37168
37170
37174
37178
37180
37182
37184
37188
37192
37196
37198
37200
37204
37208
37212
37214
37216
37220
37224
37226
37228
37230
37384
37388
37392
37394
37396
37400
37404
37408
37410
37412
37414
37416
37420
37424
37426
37430
37434
37436
37438
37440
37444
37448
37450
37454
37458
37460
37462
37464
37468
37472
37476
37478
37480
37484
37488
37492
37494
37496
37500
37504
37506
37508
37510
37664
37668
37672
37674
37676
37680
37684
37688
37690
37692
37694
37696
37700
37704
37706
37710
37714
37716
37718
37720
37724
37728
37730
37734
37738
37740
37742
37744
37748
37752
37756
37758
37760
37764
37768
37772
37774
37776
37780
37784
37786
37788
37790
37944
37948
37952
37954
37956
37960
37964
37968
37970
37972
37974
37976
37980
37984
37986
37990
37994
37996
37998
38000
38004
38008
38010
38014
38018
38020
38022
38024
38028
38032
38036
38038
38040
38044
38048
38052
38054
38056
38060
38064
38066
38068
38070
38224
38228
38232
38234
38236
38240
38244
38248
38250
38252
38254
38256
38260
38264
38266
38270
38274
38276
38278
38280
38284
38288
38290
38294
38298
38300
38302
38304
38308
38312
38316
38318
38320
38324
38328
38332
38334
38336
38340
38344
38346
38348
38350
38504
38508
38512
38514
38516
38520
38524
38528
38530
38532
38534
38536
38540
38544
38546
38550
38554
38556
38558
38560
38564
38568
38570
38574
38578
38580
38582
38584
38588
38592
38596
38598
38600
38604
38608
38612
38614
38616
38620
38624
38626
38628
38630
38784
38788
38792
38794
38796
38800
38804
38808
38810
38812
38814
38816
38820
38824
38826
38830
38834
38836
38838
38840
38844
38848
38850
38854
38858
38860
38862
38864
38868
38872
38876
38878
38880
38884
38888
38892
38894
38896
38900
38904
38906
38908
38910
39064
39068
39072
39074
39076
39080
39084
39088
39090
39092
39094
39096
39100
39104
39106
39110
39114
39116
39118
39120
39124
39128
39130
39134
39138
39140
39142
39144
39148
39152
39156
39158
39160
39164
39168
39172
39174
39176
39180
39184
39186
39188
39190
39344
39348
39352
39354
39356
39360
39364
39368
39370
39372
39374
39376
39380
39384
39386
39390
39394
39396
39398
39400
39404
39408
39410
39414
39418
39420
39422
39424
39428
39432
39436
39438
39440
39444
39448
39452
39454
39456
39460
39464
39466
39468
39470
39624
39628
39632
39634
39636
39640
39644
39648
39650
39652
39654
39656
39660
39664
39666
39670
39674
39676
39678
39680
39684
39688
39690
39694
39698
39700
39702
39704
39708
39712
39716
39718
39720
39724
39728
39732
39734
39736
39740
39744
39746
39748
39750
39904
39908
39912
39914
39916
39920
39924
39928
39930
39932
39934
39936
39940
39944
39946
39950
39954
39956
39958
39960
39964
39968
39970
39974
39978
39980
39982
39984
39988
39992
39996
39998
40000
40004
40008
40012
40014
40016
40020
40024
40026
40028
40030
40184
40188
40192
40194
40196
40200
40204
40208
40210
40212
40214
40216
40220
40224
40226
40230
40234
40236
40238
40240
40244
40248
40250
40254
40258
40260
40262
40264
40268
40272
40276
40278
40280
40284
40288
40292
40294
40296
40300
40304
40306
40308
40310
40464
40468
40472
40474
40476
40480
40484
40488
40490
40492
40494
40496
40500
40504
40506
40510
40514
40516
40518
40520
40524
40528
40530
40534
40538
40540
40542
40544
40548
40552
40556
40558
40560
40564
40568
40572
40574
40576
40580
40584
40586
40588
40590
40744
40748
40752
40754
40756
40760
40764
40768
40770
40772
40774
40776
40780
40784
40786
40790
40794
40796
40798
40800
40804
40808
40810
40814
40818
40820
40822
40824
40828
40832
40836
40838
40840
40844
40848
40852
40854
40856
40860
40864
40866
40868
40870
41024
41028
41032
41034
41036
41040
41044
41048
41050
41052
41054
41056
41060
41064
41066
41070
41074
41076
41078
41080
41084
41088
41090
41094
41098
41100
41102
41104
41108
41112
41116
41118
41120
41124
41128
41132
41134
41136
41140
41144
41146
41148
41150
41304
41308
41312
41314
41316
41320
41324
41328
41330
41332
41334
41336
41340
41344
41346
41350
41354
41356
41358
41360
41364
41368
41370
41374
41378
41380
41382
41384
41388
41392
41396
41398
41400
41404
41408
41412
41414
41416
41420
41424
41426
41428
41430
41584
41588
41592
41594
41596
41600
41604
41608
41610
41612
41614
41616
41620
41624
41626
41630
41634
41636
41638
41640
41644
41648
41650
41654
41658
41660
41662
41664
41668
41672
41676
41678
41680
41684
41688
41692
41694
41696
41700
41704
41706
41708
41710
41864
41868
41872
41874
41876
41880
41884
41888
41890
41892
41894
41896
41900
41904
41906
41910
41914
41916
41918
41920
41924
41928
41930
41934
41938
41940
41942
41944
41948
41952
41956
41958
41960
41964
41968
41972
41974
41976
41980
41984
41986
41988
41990
42144
42148
42152
42154
42156
42160
42164
42168
42170
42172
42174
42176
42180
42184
42186
42190
42194
42196
42198
42200
42204
42208
42210
42214
42218
42220
42222
42224
42228
42232
42236
42238
42240
42244
42248
42252
42254
42256
42260
42264
42266
42268
42270
42424
42428
42432
42434
42436
42440
42444
42448
42450
42452
42454
42456
42460
42464
42466
42470
42474
42476
42478
42480
42484
42488
42490
42494
42498
42500
42502
42504
42508
42512
42516
42518
42520
42524
42528
42532
42534
42536
42540
42544
42546
42548
42550
42704
42708
42712
42714
42716
42720
42724
42728
42730
42732
42734
42736
42740
42744
42746
42750
42754
42756
42758
42760
42764
42768
42770
42774
42778
42780
42782
42784
42788
42792
42796
42798
42800
42804
42808
42812
42814
42816
42820
42824
42826
42828
42830
42984
42988
42992
42994
42996
43000
43004
43008
43010
43012
43014
43016
43020
43024
43026
43030
43034
43036
43038
43040
43044
43048
43050
43054
43058
43060
43062
43064
43068
43072
43076
43078
43080
43084
43088
43092
43094
43096
43100
43104
43106
43108
43110
43264
43268
43272
43274
43276
43280
43284
43288
43290
43292
43294
43296
43300
43304
43306
43310
43314
43316
43318
43320
43324
43328
43330
43334
43338
43340
43342
43344
43348
43352
43356
43358
43360
43364
43368
43372
43374
43376
43380
43384
43386
43388
43390
43544
43548
43552
43554
43556
43560
43564
43568
43570
43572
43574
43578
43582
43586
43588
43592
43596
43598
43600
43602
43606
43610
43612
43616
43620
43622
43624
43626
43630
43634
43638
43640
43642
43646
43650
43654
43656
43658
43662
43666
43668
43670
43672
43846
43850
43854
43856
43858
43862
43866
43870
43872
43874
43876
43880
43884
43888
43890
43894
43898
43900
43902
43904
43908
43912
43914
43918
43922
43924
43926
43928
43932
43936
43940
43942
43944
43948
43952
43956
43958
43960
43964
43968
43970
43972
43974
44148
44152
44156
44158
44160
44164
44168
44172
44174
44176
44178
44182
44186
44190
44192
44196
44200
44202
44204
44206
44210
44214
44216
44220
44224
44226
44228
44230
44234
44238
44242
44244
44246
44250
44254
44258
44260
44262
44266
44270
44272
44274
44276
44450
44454
44458
44460
44462
44466
44470
44474
44476
44478
44480
44484
44488
44492
44494
44498
44502
44504
44506
44508
44512
44516
44518
44522
44526
44528
44530
44532
44536
44540
44544
44546
44548
44552
44556
44560
44562
44564
44568
44572
44574
44576
44578
44752
44756
44760
44762
44764
44768
44772
44776
44778
44780
44782
44786
44790
44794
44796
44800
44804
44806
44808
44810
44814
44818
44820
44824
44828
44830
44832
44834
44838
44842
44846
44848
44850
44854
44858
44862
44864
44866
44870
44874
44876
44878
44880
45054
45058
45062
45064
45066
45070
45074
45078
45080
45082
45084
45088
45092
45096
45098
45102
45106
45108
45110
45112
45116
45120
45122
45126
45130
45132
45134
45136
45140
45144
45148
45150
45152
45156
45160
45164
45166
45168
45172
45176
45178
45180
45182
45356
45360
45364
45366
45368
45372
45376
45380
45382
45384
45386
45390
45394
45398
45400
45404
45408
45410
45412
45414
45418
45422
45424
45428
45432
45434
45436
45438
45442
45446
45450
45452
45454
45458
45462
45466
45468
45470
45474
45478
45480
45482
45484
45658
45662
45666
45668
45670
45674
45678
45682
45684
45686
45688
45692
45696
45700
45702
45706
45710
45712
45714
45716
45720
45724
45726
45730
45734
45736
45738
45740
45744
45748
45752
45754
45756
45760
45764
45768
45770
45772
45776
45780
45782
45784
45786
45960
45964
45968
45970
45972
45976
45980
45984
45986
45988
45990
45994
45998
46002
46004
46008
46012
46014
46016
46018
46022
46026
46028
46032
46036
46038
46040
46042
46046
46050
46054
46056
46058
46062
46066
46070
46072
46074
46078
46082
46084
46086
46088
46262
46266
46270
46272
46274
46278
46282
46286
46288
46290
46292
46296
46300
46304
46306
46310
46314
46316
46318
46320
46324
46328
46330
46334
46338
46340
46342
46344
46348
46352
46356
46358
46360
46364
46368
46372
46374
46376
46380
46384
46386
46388
46390
46564
46568
46572
46574
46576
46580
46584
46588
46590
46592
46594
46598
46602
46606
46608
46612
46616
46618
46620
46622
46626
46630
46632
46636
46640
46642
46644
46646
46650
46654
46658
46660
46662
46666
46670
46674
46676
46678
46682
46686
46688
46690
46692
46866
46870
46874
46876
46878
46882
46886
46890
46892
46894
46896
46900
46904
46908
46910
46914
46918
46920
46922
46924
46928
46932
46934
46938
46942
46944
46946
46948
46952
46956
46960
46962
46964
46968
46972
46976
46978
46980
46984
46988
46990
46992
46994
47168
47172
47176
47178
47180
47184
47188
47192
47194
47196
47198
47202
47206
47210
47212
47216
47220
47222
47224
47226
47230
47234
47236
47240
47244
47246
47248
47250
47254
47258
47262
47264
47266
47270
47274
47278
47280
47282
47286
47290
47292
47294
47296
47470
47474
47478
47480
47482
47486
47490
47494
47496
47498
47500
47504
47508
47512
47514
47518
47522
47524
47526
47528
47532
47536
47538
47542
47546
47548
47550
47552
47556
47560
47564
47566
47568
47572
47576
47580
47582
47584
47588
47592
47594
47596
47598
47772
47776
47780
47782
47784
47788
47792
47796
47798
47800
47802
47806
47810
47814
47816
47820
47824
47826
47828
47830
47834
47838
47840
47844
47848
47850
47852
47854
47858
47862
47866
47868
47870
47874
47878
47882
47884
47886
47890
47894
47896
47898
47900
48074
48078
48082
48084
48086
48090
48094
48098
48100
48102
48104
48108
48112
48116
48118
48122
48126
48128
48130
48132
48136
48140
48142
48146
48150
48152
48154
48156
48160
48164
48168
48170
48172
48176
48180
48184
48186
48188
48192
48196
48198
48200
48202
48376
48380
48384
48386
48388
48392
48396
48400
48402
48404
48406
48410
48414
48418
48420
48424
48428
48430
48432
48434
48438
48442
48444
48448
48452
48454
48456
48458
48462
48466
48470
48472
48474
48478
48482
48486
48488
48490
48494
48498
48500
48502
48504
48678
48682
48686
48688
48690
48694
48698
48702
48704
48706
48708
48712
48716
48720
48722
48726
48730
48732
48734
48736
48740
48744
48746
48750
48754
48756
48758
48760
48764
48768
48772
48774
48776
48780
48784
48788
48790
48792
48796
48800
48802
48804
48806
48980
48984
48988
48990
48992
48996
49000
49004
49006
49008
49010
49014
49018
49022
49024
49028
49032
49034
49036
49038
49042
49046
49048
49052
49056
49058
49060
49062
49066
49070
49074
49076
49078
49082
49086
49090
49092
49094
49098
49102
49104
49106
49108
49282
49286
49290
49292
49294
49298
49302
49306
49308
49310
49312
49316
49320
49324
49326
49330
49334
49336
49338
49340
49344
49348
49350
49354
49358
49360
49362
49364
49368
49372
49376
49378
49380
49384
49388
49392
49394
49396
49400
49404
49406
49408
49410
49584
49588
49592
49594
49596
49600
49604
49608
49610
49612
49614
49618
49622
49626
49628
49632
49636
49638
49640
49642
49646
49650
49652
49656
49660
49662
49664
49666
49670
49674
49678
49680
49682
49686
49690
49694
49696
49698
49702
49706
49708
49710
49712
49886
49890
49894
49896
49898
49902
49906
49910
49912
49914
49916
49920
49924
49928
49930
49934
49938
49940
49942
49944
49948
49952
49954
49958
49962
49964
49966
49968
49972
49976
49980
49982
49984
49988
49992
49996
49998
50000
50004
50008
50010
50012
50014
50188
50192
50196
50198
50200
50204
50208
50212
50214
50216
50218
50222
50226
50230
50232
50236
50240
50242
50244
50246
50250
50254
50256
50260
50264
50266
50268
50270
50274
50278
50282
50284
50286
50290
50294
50298
50300
50302
50306
50310
50312
50314
50316
50490
50494
50498
50500
50502
50506
50510
50514
50516
50518
50520
50522
50526
50530
50532
50536
50540
50542
50544
50546
50550
50554
50556
50560
50564
50566
50568
50570
50574
50578
50582
50584
50586
50590
50594
50598
50600
50602
50606
50610
50612
50614
50616
50770
50774
50778
50780
50782
50786
50790
50794
50796
50798
50800
50804
50808
50812
50814
50818
50822
50824
50826
50828
50832
50836
50838
50842
50846
50848
50850
50852
50856
50860
50864
50866
50868
50872
50876
50880
50882
50884
50888
50892
50894
50896
50898
51072
51076
51080
51082
51084
51088
51092
51096
51098
51100
51102
51104
51108
51112
51114
51118
51122
51124
51126
51128
51132
51136
51138
51142
51146
51148
51150
51152
51156
51160
51164
51166
51168
51172
51176
51180
51182
51184
51188
51192
51194
51196
51198
51352
51356
51360
51362
51364
51368
51372
51376
51378
51380
51382
51386
51390
51394
51396
51400
51404
51406
51408
51410
51414
51418
51420
51424
51428
51430
51432
51434
51438
51442
51446
51448
51450
51454
51458
51462
51464
51466
51470
51474
51476
51478
51480
51654
51658
51662
51664
51666
51670
51674
51678
51680
51682
51684
51686
51690
51694
51696
51700
51704
51706
51708
51710
51714
51718
51720
51724
51728
51730
51732
51734
51738
51742
51746
51748
51750
51754
51758
51762
51764
51766
51770
51774
51776
51778
51780
51934
51938
51942
51944
51946
51950
51954
51958
51960
51962
51964
51968
51972
51976
51978
51982
51986
51988
51990
51992
51996
52000
52002
52006
52010
52012
52014
52016
52020
52024
52028
52030
52032
52036
52040
52044
52046
52048
52052
52056
52058
52060
52062
52236
52240
52244
52246
52248
52252
52256
52260
52262
52264
52266
52268
52272
52276
52278
52282
52286
52288
52290
52292
52296
52300
52302
52306
52310
52312
52314
52316
52320
52324
52328
52330
52332
52336
52340
52344
52346
52348
52352
52356
52358
52360
52362
52516
52520
52524
52526
52528
52532
52536
52540
52542
52544
52546
52550
52554
52558
52560
52564
52568
52570
52572
52574
52578
52582
52584
52588
52592
52594
52596
52598
52602
52606
52610
52612
52614
52618
52622
52626
52628
52630
52634
52638
52640
52642
52644
52818
52822
52826
52828
52830
52834
52838
52842
52844
52846
52848
52852
52856
52860
52862
52866
52870
52872
52874
52876
52880
52884
52886
52890
52894
52896
52898
52900
52904
52908
52912
52914
52916
52920
52924
52928
52930
52932
52936
52940
52942
52944
52946
53120
53124
53128
53130
53132
53136
53140
53144
53146
53148
53150
53154
53158
53162
53164
53168
53172
53174
53176
53178
53182
53186
53188
53192
53196
53198
53200
53202
53206
53210
53214
53216
53218
53222
53226
53230
53232
53234
53238
53242
53244
53246
53248
53422
53426
53430
53432
53434
53438
53442
53446
53448
53450
53452
53454
53458
53462
53464
53468
53472
53474
53476
53478
53482
53486
53488
53492
53496
53498
53500
53502
53506
53510
53514
53516
53518
53522
53526
53530
53532
53534
53538
53542
53544
53546
53548
53702
53706
53710
53712
53714
53718
53722
53726
53728
53730
53732
53736
53740
53744
53746
53750
53754
53756
53758
53760
53764
53768
53770
53774
53778
53780
53782
53784
53788
53792
53796
53798
53800
53804
53808
53812
53814
53816
53820
53824
53826
53828
53830
54004
54008
54012
54014
54016
54020
54024
54028
54030
54032
54034
54036
54040
54044
54046
54050
54054
54056
54058
54060
54064
54068
54070
54074
54078
54080
54082
54084
54088
54092
54096
54098
54100
54104
54108
54112
54114
54116
54120
54124
54126
54128
54130
54284
54288
54292
54294
54296
54300
54304
54308
54310
54312
54314
54318
54322
54326
54328
54332
54336
54338
54340
54342
54346
54350
54352
54356
54360
54362
54364
54366
54370
54374
54378
54380
54382
54386
54390
54394
54396
54398
54402
54406
54408
54410
54412
54586
54590
54594
54596
54598
54602
54606
54610
54612
54614
54616
54620
54624
54628
54630
54634
54638
54640
54642
54644
54648
54652
54654
54658
54662
54664
54666
54668
54672
54676
54680
54682
54684
54688
54692
54696
54698
54700
54704
54708
54710
54712
54714
54888
54892
54896
54898
54900
54904
54908
54912
54914
54916
54918
54922
54926
54930
54932
54936
54940
54942
54944
54946
54950
54954
54956
54960
54964
54966
54968
54970
54974
54978
54982
54984
54986
54990
54994
54998
55000
55002
55006
55010
55012
55014
55016
55190
55194
55198
55200
55202
55206
55210
55214
55216
55218
55220
55224
55228
55232
55234
55238
55242
55244
55246
55248
55252
55256
55258
55262
55266
55268
55270
55272
55276
55280
55284
55286
55288
55292
55296
55300
55302
55304
55308
55312
55314
55316
55318
55492
55496
55500
55502
55504
55508
55512
55516
55518
55520
55522
55526
55530
55534
55536
55540
55544
55546
55548
55550
55554
55558
55560
55564
55568
55570
55572
55574
55578
55582
55586
55588
55590
55594
55598
55602
55604
55606
55610
55614
55616
55618
55620
55794
55798
55802
55804
55806
55810
55814
55818
55820
55822
55824
55826
55830
55834
55836
55840
55844
55846
55848
55850
55854
55858
55860
55864
55868
55870
55872
55874
55878
55882
55886
55888
55890
55894
55898
55902
55904
55906
55910
55914
55916
55918
55920
56074
56078
56082
56084
56086
56090
56094
56098
56100
56102
56104
56108
56112
56116
56118
56122
56126
56128
56130
56132
56136
56140
56142
56146
56150
56152
56154
56156
56160
56164
56168
56170
56172
56176
56180
56184
56186
56188
56192
56196
56198
56200
56202
56376
56380
56384
56386
56388
56392
56396
56400
56402
56404
56406
56408
56412
56416
56418
56422
56426
56428
56430
56432
56436
56440
56442
56446
56450
56452
56454
56456
56460
56464
56468
56470
56472
56476
56480
56484
56486
56488
56492
56496
56498
56500
56502
56656
56660
56664
56666
56668
56672
56676
56680
56682
56684
56686
56690
56694
56698
56700
56704
56708
56710
56712
56714
56718
56722
56724
56728
56732
56734
56736
56738
56742
56746
56750
56752
56754
56758
56762
56766
56768
56770
56774
56778
56780
56782
56784
56958
56962
56966
56968
56970
56974
56978
56982
56984
56986
56988
56990
56994
56998
57000
57004
57008
57010
57012
57014
57018
57022
57024
57028
57032
57034
57036
57038
57042
57046
57050
57052
57054
57058
57062
57066
57068
57070
57074
57078
57080
57082
57084
57238
57242
57246
57248
57250
57254
57258
57262
57264
57266
57268
57272
57276
57280
57282
57286
57290
57292
57294
57296
57300
57304
57306
57310
57314
57316
57318
57320
57324
57328
57332
57334
57336
57340
57344
57348
57350
57352
57356
57360
57362
57364
57366
57540
57544
57548
57550
57552
57556
57560
57564
57566
57568
57570
57572
57576
57580
57582
57586
57590
57592
57594
57596
57600
57604
57606
57610
57614
57616
57618
57620
57624
57628
57632
57634
57636
57640
57644
57648
57650
57652
57656
57660
57662
57664
57666
57820
57824
57828
57830
57832
57836
57840
57844
57846
57848
57850
57854
57858
57862
57864
57868
57872
57874
57876
57878
57882
57886
57888
57892
57896
57898
57900
57902
57906
57910
57914
57916
57918
57922
57926
57930
57932
57934
57938
57942
57944
57946
57948
58122
58126
58130
58132
58134
58138
58142
58146
58148
58150
58152
58156
58160
58164
58166
58170
58174
58176
58178
58180
58184
58188
58190
58194
58198
58200
58202
58204
58208
58212
58216
58218
58220
58224
58228
58232
58234
58236
58240
58244
58246
58248
58250
58424
58428
58432
58434
58436
58440
58444
58448
58450
58452
58454
58458
58462
58466
58468
58472
58476
58478
58480
58482
58486
58490
58492
58496
58500
58502
58504
58506
58510
58514
58518
58520
58522
58526
58530
58534
58536
58538
58542
58546
58548
58550
58552
58726
58730
58734
58736
58738
58742
58746
58750
58752
58754
58756
58758
58762
58766
58768
58772
58776
58778
58780
58782
58786
58790
58792
58796
58800
58802
58804
58806
58810
58814
58818
58820
58822
58826
58830
58834
58836
58838
58842
58846
58848
58850
58852
59006
59010
59014
59016
59018
59022
59026
59030
59032
59034
59036
59040
59044
59048
59050
59054
59058
59060
59062
59064
59068
59072
59074
59078
59082
59084
59086
59088
59092
59096
59100
59102
59104
59108
59112
59116
59118
59120
59124
59128
59130
59132
59134
59308
59312
59316
59318
59320
59324
59328
59332
59334
59336
59338
59340
59344
59348
59350
59354
59358
59360
59362
59364
59368
59372
59374
59378
59382
59384
59386
59388
59392
59396
59400
59402
59404
59408
59412
59416
59418
59420
59424
59428
59430
59432
59434
59588
59592
59596
59598
59600
59604
59608
59612
59614
59616
59618
59622
59626
59630
59632
59636
59640
59642
59644
59646
59650
59654
59656
59660
59664
59666
59668
59670
59674
59678
59682
59684
59686
59690
59694
59698
59700
59702
59706
59710
59712
59714
59716
59890
59894
59898
59900
59902
59906
59910
59914
59916
59918
59920
59924
59928
59932
59934
59938
59942
59944
59946
59948
59952
59956
59958
59962
59966
59968
59970
59972
59976
59980
59984
59986
59988
59992
59996
60000
60002
60004
60008
60012
60014
60016
60018
60192
60196
60200
60202
60204
60208
60212
60216
60218
60220
60222
60226
60230
60234
60236
60240
60244
60246
60248
60250
60254
60258
60260
60264
60268
60270
60272
60274
60278
60282
60286
60288
60290
60294
60298
60302
60304
60306
60310
60314
60316
60318
60320
60494
60498
60502
60504
60506
60510
60514
60518
60520
60522
60524
60528
60532
60536
60538
60542
60546
60548
60550
60552
60556
60560
60562
60566
60570
60572
60574
60576
60580
60584
60588
60590
60592
60596
60600
60604
60606
60608
60612
60616
60618
60620
60622
60796
60800
60804
60806
60808
60812
60816
60820
60822
60824
60826
60830
60834
60838
60840
60844
60848
60850
60852
60854
60858
60862
60864
60868
60872
60874
60876
60878
60882
60886
60890
60892
60894
60898
60902
60906
60908
60910
60914
60918
60920
60922
60924
61098
61102
61106
61108
61110
61114
61118
61122
61124
61126
61128
61130
61134
61138
61140
61144
61148
61150
61152
61154
61158
61162
61164
61168
61172
61174
61176
61178
61182
61186
61190
61192
61194
61198
61202
61206
61208
61210
61214
61218
61220
61222
61224
61378
61382
61386
61388
61390
61394
61398
61402
61404
61406
61408
61412
61416
61420
61422
61426
61430
61432
61434
61436
61440
61444
61446
61450
61454
61456
61458
61460
61464
61468
61472
61474
61476
61480
61484
61488
61490
61492
61496
61500
61502
61504
61506
61680
61684
61688
61690
61692
61696
61700
61704
61706
61708
61710
61712
61716
61720
61722
61726
61730
61732
61734
61736
61740
61744
61746
61750
61754
61756
61758
61760
61764
61768
61772
61774
61776
61780
61784
61788
61790
61792
61796
61800
61802
61804
61806
61960
61964
61968
61970
61972
61976
61980
61984
61986
61988
61990
61994
61998
62002
62004
62008
62012
62014
62016
62018
62022
62026
62028
62032
62036
62038
62040
62042
62046
62050
62054
62056
62058
62062
62066
62070
62072
62074
62078
62082
62084
62086
62088
62262
62266
62270
62272
62274
62278
62282
62286
62288
62290
62292
62294
62298
62302
62304
62308
62312
62314
62316
62318
62322
62326
62328
62332
62336
62338
62340
62342
62346
62350
62354
62356
62358
62362
62366
62370
62372
62374
62378
62382
62384
62386
62388
62542
62546
62550
62552
62554
62558
62562
62566
62568
62570
62572
62576
62580
62584
62586
62590
62594
62596
62598
62600
62604
62608
62610
62614
62618
62620
62622
62624
62628
62632
62636
62638
62640
62644
62648
62652
62654
62656
62660
62664
62666
62668
62670
62844
62848
62852
62854
62856
62860
62864
62868
62870
62872
62874
62876
62880
62884
62886
62890
62894
62896
62898
62900
62904
62908
62910
62914
62918
62920
62922
62924
62928
62932
62936
62938
62940
62944
62948
62952
62954
62956
62960
62964
62966
62968
62970
63124
63128
63132
63134
63136
63140
63144
63148
63150
63152
63154
63158
63162
63166
63168
63172
63176
63178
63180
63182
63186
63190
63192
63196
63200
63202
63204
63206
63210
63214
63218
63220
63222
63226
63230
63234
63236
63238
63242
63246
63248
63250
63252
63426
63430
63434
63436
63438
63442
63446
63450
63452
63454
63456
63460
63464
63468
63470
63474
63478
63480
63482
63484
63488
63492
63494
63498
63502
63504
63506
63508
63512
63516
63520
63522
63524
63528
63532
63536
63538
63540
63544
63548
63550
63552
63554
63728
63732
63736
63738
63740
63744
63748
63752
63754
63756
63758
63762
63766
63770
63772
63776
63780
63782
63784
63786
63790
63794
63796
63800
63804
63806
63808
63810
63814
63818
63822
63824
63826
63830
63834
63838
63840
63842
63846
63850
63852
63854
63856
64030
64034
64038
64040
64042
64046
64050
64054
64056
64058
64060
64062
64066
64070
64072
64076
64080
64082
64084
64086
64090
64094
64096
64100
64104
64106
64108
64110
64114
64118
64122
64124
64126
64130
64134
64138
64140
64142
64146
64150
64152
64154
64156
64310
64314
64318
64320
64322
64326
64330
64334
64336
64338
64340
64344
64348
64352
64354
64358
64362
64364
64366
64368
64372
64376
64378
64382
64386
64388
64390
64392
64396
64400
64404
64406
64408
64412
64416
64420
64422
64424
64428
64432
64434
64436
64438
64612
64616
64620
64622
64624
64628
64632
64636
64638
64640
64642
64644
64648
64652
64654
64658
64662
64664
64666
64668
64672
64676
64678
64682
64686
64688
64690
64692
64696
64700
64704
64706
64708
64712
64716
64720
64722
64724
64728
64732
64734
64736
64738
64892
64896
64900
64902
64904
64908
64912
64916
64918
64920
64922
64926
64930
64934
64936
64940
64944
64946
64948
64950
64954
64958
64960
64964
64968
64970
64972
64974
64978
64982
64986
64988
64990
64994
64998
65002
65004
65006
65010
65014
65016
65018
65020
65194
65198
65202
65204
65206
65210
65214
65218
65220
65222
65224
65228
65232
65236
65238
65242
65246
65248
65250
65252
65256
65260
65262
65266
65270
65272
65274
65276
65280
65284
65288
65290
65292
65296
65300
65304
65306
65308
65312
65316
65318
65320
65322
65496
65500
65504
65506
65508
65512
65516
65520
65522
65524
65526
65530
65534
65538
65540
65544
65548
65550
65552
65554
65558
65562
65564
65568
65572
65574
65576
65578
65582
65586
65590
65592
65594
65598
65602
65606
65608
65610
65614
65618
65620
65622
65624
65798
65802
65806
65808
65810
65814
65818
65822
65824
65826
65828
65830
65834
65838
65840
65844
65848
65850
65852
65854
65858
65862
65864
65868
65872
65874
65876
65878
65882
65886
65888
65892
65896
65900
65902
65906
65910
65914
65916
66078
66082
66086
66088
66090
66094
66098
66102
66104
66106
66108
66110
66114
66118
66120
66124
66128
66130
66132
66134
66138
66142
66144
66148
66152
66154
66156
66158
66162
66166
66168
66172
66176
66180
66182
66186
66190
66194
66196
66358
66362
66366
66368
66370
66374
66378
66382
66384
66386
66388
66390
66394
66398
66400
66404
66408
66410
66412
66414
66418
66422
66424
66428
66432
66434
66436
66438
66442
66446
66448
66452
66456
66460
66462
66466
66470
66474
66476
66638
66642
66646
66648
66650
66654
66658
66662
66664
66666
66668
66670
66674
66678
66680
66684
66688
66690
66692
66694
66698
66702
66704
66708
66712
66714
66716
66718
66722
66726
66728
66732
66736
66740
66742
66746
66750
66754
66756
66918
66922
66926
66928
66930
66934
66938
66942
66944
66946
66948
66950
66954
66958
66960
66964
66968
66970
66972
66974
66978
66982
66984
66988
66992
66994
66996
66998
67002
67006
67008
67012
67016
67020
67022
67026
67030
67034
67036
67198
67202
67206
67208
67210
67214
67218
67222
67224
67226
67228
67230
67234
67238
67240
67244
67248
67250
67252
67254
67258
67262
67264
67268
67272
67274
67276
67278
67282
67286
67288
67292
67296
67300
67302
67306
67310
67314
67316
67478
67482
67486
67488
67490
67492
67496
67500
67502
67504
67506
67508
67512
67516
67518
67522
67526
67528
67530
67532
67536
67540
67542
67546
67550
67552
67554
67556
67560
67564
67566
67570
67574
67578
67580
67584
67588
67592
67594
67736
67740
67744
67746
67748
67752
67756
67760
67762
67764
67766
67768
67772
67776
67778
67782
67786
67788
67790
67792
67796
67800
67802
67806
67810
67812
67814
67816
67820
67824
67826
67830
67834
67838
67840
67844
67848
67852
67854
68016
68020
68024
68026
68028
68030
68034
68038
68040
68042
68044
68046
68050
68054
68056
68060
68064
68066
68068
68070
68074
68078
68080
68084
68088
68090
68092
68094
68098
68102
68104
68108
68112
68116
68118
68122
68126
68130
68132
68274
68278
68282
68284
68286
68290
68294
68298
68300
68302
68304
68306
68310
68314
68316
68320
68324
68326
68328
68330
68334
68338
68340
68344
68348
68350
68352
68354
68358
68362
68364
68368
68372
68376
68378
68382
68386
68390
68392
68554
68558
68562
68564
68566
68570
68574
68578
68580
68582
68584
68586
68590
68594
68596
68600
68604
68606
68608
68610
68614
68618
68620
68624
68628
68630
68632
68634
68638
68642
68644
68648
68652
68656
68658
68662
68666
68670
68672
68834
68838
68842
68844
68846
68850
68854
68858
68860
68862
68864
68866
68870
68874
68876
68880
68884
68886
68888
68890
68894
68898
68900
68904
68908
68910
68912
68914
68918
68922
68924
68928
68932
68936
68938
68942
68946
68950
68952
69114
69118
69122
69124
69126
69128
69132
69136
69138
69140
69142
69144
69148
69152
69154
69158
69162
69164
69166
69168
69172
69176
69178
69182
69186
69188
69190
69192
69196
69200
69202
69206
69210
69214
69216
69220
69224
69228
69230
69372
69376
69380
69382
69384
69388
69392
69396
69398
69400
69402
69404
69408
69412
69414
69418
69422
69424
69426
69428
69432
69436
69438
69442
69446
69448
69450
69452
69456
69460
69462
69466
69470
69474
69476
69480
69484
69488
69490
69652
69656
69660
69662
69664
69666
69670
69674
69676
69678
69680
69682
69686
69690
69692
69696
69700
69702
69704
69706
69710
69714
69716
69720
69724
69726
69728
69730
69734
69738
69740
69744
69748
69752
69754
69758
69762
69766
69768
69910
69914
69918
69920
69922
69926
69930
69934
69936
69938
69940
69942
69946
69950
69952
69956
69960
69962
69964
69966
69970
69974
69976
69980
69984
69986
69988
69990
69994
69998
70000
70004
70008
70012
70014
70018
70022
70026
70028
70190
70194
70198
70200
70202
70206
70210
70214
70216
70218
70220
70222
70226
70230
70232
70236
70240
70242
70244
70246
70250
70254
70256
70260
70264
70266
70268
70270
70274
70278
70280
70284
70288
70292
70294
70298
70302
70306
70308
70470
70474
70478
70480
70482
70486
70490
70494
70496
70498
70500
70502
70506
70510
70512
70516
70520
70522
70524
70526
70530
70534
70536
70540
70544
70546
70548
70550
70554
70558
70560
70564
70568
70572
70574
70578
70582
70586
70588
70750
70754
70758
70760
70762
70764
70768
70772
70774
70776
70778
70780
70784
70788
70790
70794
70798
70800
70802
70804
70808
70812
70814
70818
70822
70824
70826
70828
70832
70836
70838
70842
70846
70850
70852
70856
70860
70864
70866
71008
71012
71016
71018
71020
71024
71028
71032
71034
71036
71038
71040
71044
71048
71050
71054
71058
71060
71062
71064
71068
71072
71074
71078
71082
71084
71086
71088
71092
71096
71098
71102
71106
71110
71112
71116
71120
71124
71126
71288
71292
71296
71298
71300
71302
71306
71310
71312
71314
71316
71318
71322
71326
71328
71332
71336
71338
71340
71342
71346
71350
71352
71356
71360
71362
71364
71366
71370
71374
71376
71380
71384
71388
71390
71394
71398
71402
71404
71546
71548
71550
71552
35290
35292
35294
35296
35298
35300
35304
35308
35310
35312
35314
35318
35322
35324
35326
35328
35330
35334
35338
35340
35344
35348
35350
35352
35354
35358
35362
35366
35368
35370
35374
35378
35382
35384
35386
35390
35394
35396
35398
35400
35554
35558
35562
35564
35566
35568
35572
35576
35578
35580
35582
35584
35588
35592
35594
35598
35602
35604
35606
35608
35612
35616
35620
35622
35624
35628
35632
35636
35638
35640
35644
35648
35650
35652
35654
35808
35812
35816
35818
35820
35822
35826
35830
35832
35834
35836
35838
35842
35846
35848
35852
35856
35858
35860
35862
35866
35870
35874
35876
35878
35882
35886
35890
35892
35894
35898
35902
35904
35906
35908
36062
36066
36070
36072
36074
36076
36080
36084
36086
36088
36090
36092
36096
36100
36102
36106
36110
36112
36114
36116
36120
36124
36128
36130
36132
36136
36140
36144
36146
36148
36152
36156
36158
36160
36162
36316
36320
36324
36326
36328
36330
36334
36338
36340
36342
36344
36346
36350
36354
36356
36360
36364
36366
36368
36370
36374
36378
36382
36384
36386
36390
36394
36398
36400
36402
36406
36410
36412
36414
36416
36570
36574
36578
36580
36582
36584
36588
36592
36594
36596
36598
36600
36604
36608
36610
36614
36618
36620
36622
36624
36628
36632
36636
36638
36640
36644
36648
36652
36654
36656
36660
36664
36666
36668
36670
36824
36828
36832
36834
36836
36840
36844
36848
36850
36852
36854
36856
36860
36864
36866
36870
36874
36876
36878
36880
36884
36888
36890
36894
36898
36900
36902
36904
36908
36912
36916
36918
36920
36924
36928
36932
36934
36936
36940
36944
36946
36948
36950
37104
37108
37112
37114
37116
37120
37124
37128
37130
37132
37134
37136
37140
37144
37146
37150
37154
37156
37158
37160
37164
37168
37170
37174
37178
37180
37182
37184
37188
37192
37196
37198
37200
37204
37208
37212
37214
37216
37220
37224
37226
37228
37230
37384
37388
37392
37394
37396
37400
37404
37408
37410
37412
37414
37416
37420
37424
37426
37430
37434
37436
37438
37440
37444
37448
37450
37454
37458
37460
37462
37464
37468
37472
37476
37478
37480
37484
37488
37492
37494
37496
37500
37504
37506
37508
37510
37664
37668
37672
37674
37676
37680
37684
37688
37690
37692
37694
37696
37700
37704
37706
37710
37714
37716
37718
37720
37724
37728
37730
37734
37738
37740
37742
37744
37748
37752
37756
37758
37760
37764
37768
37772
37774
37776
37780
37784
37786
37788
37790
37944
37948
37952
37954
37956
37960
37964
37968
37970
37972
37974
37976
37980
37984
37986
37990
37994
37996
37998
38000
38004
38008
38010
38014
38018
38020
38022
38024
38028
38032
38036
38038
38040
38044
38048
38052
38054
38056
38060
38064
38066
38068
38070
38224
38228
38232
38234
38236
38240
38244
38248
38250
38252
38254
38256
38260
38264
38266
38270
38274
38276
38278
38280
38284
38288
38290
38294
38298
38300
38302
38304
38308
38312
38316
38318
38320
38324
38328
38332
38334
38336
38340
38344
38346
38348
38350
38504
38508
38512
38514
38516
38520
38524
38528
38530
38532
38534
38536
38540
38544
38546
38550
38554
38556
38558
38560
38564
38568
38570
38574
38578
38580
38582
38584
38588
38592
38596
38598
38600
38604
38608
38612
38614
38616
38620
38624
38626
38628
38630
38784
38788
38792
38794
38796
38800
38804
38808
38810
38812
38814
38816
38820
38824
38826
38830
38834
38836
38838
38840
38844
38848
38850
38854
38858
38860
38862
38864
38868
38872
38876
38878
38880
38884
38888
38892
38894
38896
38900
38904
38906
38908
38910
39064
39068
39072
39074
39076
39080
39084
39088
39090
39092
39094
39096
39100
39104
39106
39110
39114
39116
39118
39120
39124
39128
39130
39134
39138
39140
39142
39144
39148
39152
39156
39158
39160
39164
39168
39172
39174
39176
39180
39184
39186
39188
39190
39344
39348
39352
39354
39356
39360
39364
39368
39370
39372
39374
39376
39380
39384
39386
39390
39394
39396
39398
39400
39404
39408
39410
39414
39418
39420
39422
39424
39428
39432
39436
39438
39440
39444
39448
39452
39454
39456
39460
39464
39466
39468
39470
39624
39628
39632
39634
39636
39640
39644
39648
39650
39652
39654
39656
39660
39664
39666
39670
39674
39676
39678
39680
39684
39688
39690
39694
39698
39700
39702
39704
39708
39712
39716
39718
39720
39724
39728
39732
39734
39736
39740
39744
39746
39748
39750
39904
39908
39912
39914
39916
39920
39924
39928
39930
39932
39934
39936
39940
39944
39946
39950
39954
39956
39958
39960
39964
39968
39970
39974
39978
39980
39982
39984
39988
39992
39996
39998
40000
40004
40008
40012
40014
40016
40020
40024
40026
40028
40030
40184
40188
40192
40194
40196
40200
40204
40208
40210
40212
40214
40216
40220
40224
40226
40230
40234
40236
40238
40240
40244
40248
40250
40254
40258
40260
40262
40264
40268
40272
40276
40278
40280
40284
40288
40292
40294
40296
40300
40304
40306
40308
40310
40464
40468
40472
40474
40476
40480
40484
40488
40490
40492
40494
40496
40500
40504
40506
40510
40514
40516
40518
40520
40524
40528
40530
40534
40538
40540
40542
40544
40548
40552
40556
40558
40560
40564
40568
40572
40574
40576
40580
40584
40586
40588
40590
40744
40748
40752
40754
40756
40760
40764
40768
40770
40772
40774
40776
40780
40784
40786
40790
40794
40796
40798
40800
40804
40808
40810
40814
40818
40820
40822
40824
40828
40832
40836
40838
40840
40844
40848
40852
40854
40856
40860
40864
40866
40868
40870
41024
41028
41032
41034
41036
41040
41044
41048
41050
41052
41054
41056
41060
41064
41066
41070
41074
41076
41078
41080
41084
41088
41090
41094
41098
41100
41102
41104
41108
41112
41116
41118
41120
41124
41128
41132
41134
41136
41140
41144
41146
41148
41150
41304
41308
41312
41314
41316
41320
41324
41328
41330
41332
41334
41336
41340
41344
41346
41350
41354
41356
41358
41360
41364
41368
41370
41374
41378
41380
41382
41384
41388
41392
41396
41398
41400
41404
41408
41412
41414
41416
41420
41424
41426
41428
41430
41584
41588
41592
41594
41596
41600
41604
41608
41610
41612
41614
41616
41620
41624
41626
41630
41634
41636
41638
41640
41644
41648
41650
41654
41658
41660
41662
41664
41668
41672
41676
41678
41680
41684
41688
41692
41694
41696
41700
41704
41706
41708
41710
41864
41868
41872
41874
41876
41880
41884
41888
41890
41892
41894
41896
41900
41904
41906
41910
41914
41916
41918
41920
41924
41928
41930
41934
41938
41940
41942
41944
41948
41952
41956
41958
41960
41964
41968
41972
41974
41976
41980
41984
41986
41988
41990
42144
42148
42152
42154
42156
42160
42164
42168
42170
42172
42174
42176
42180
42184
42186
42190
42194
42196
42198
42200
42204
42208
42210
42214
42218
42220
42222
42224
42228
42232
42236
42238
42240
42244
42248
42252
42254
42256
42260
42264
42266
42268
42270
42424
42428
42432
42434
42436
42440
42444
42448
42450
42452
42454
42456
42460
42464
42466
42470
42474
42476
42478
42480
42484
42488
42490
42494
42498
42500
42502
42504
42508
42512
42516
42518
42520
42524
42528
42532
42534
42536
42540
42544
42546
42548
42550
42704
42708
42712
42714
42716
42720
42724
42728
42730
42732
42734
42736
42740
42744
42746
42750
42754
42756
42758
42760
42764
42768
42770
42774
42778
42780
42782
42784
42788
42792
42796
42798
42800
42804
42808
42812
42814
42816
42820
42824
42826
42828
42830
42984
42988
42992
42994
42996
43000
43004
43008
43010
43012
43014
43016
43020
43024
43026
43030
43034
43036
43038
43040
43044
43048
43050
43054
43058
43060
43062
43064
43068
43072
43076
43078
43080
43084
43088
43092
43094
43096
43100
43104
43106
43108
43110
43264
43268
43272
43274
43276
43280
43284
43288
43290
43292
43294
43296
43300
43304
43306
43310
43314
43316
43318
43320
43324
43328
43330
43334
43338
43340
43342
43344
43348
43352
43356
43358
43360
43364
43368
43372
43374
43376
43380
43384
43386
43388
43390
43544
43548
43552
43554
43556
43560
43564
43568
43570
43572
43574
43578
43582
43586
43588
43592
43596
43598
43600
43602
43606
43610
43612
43616
43620
43622
43624
43626
43630
43634
43638
43640
43642
43646
43650
43654
43656
43658
43662
43666
43668
43670
43672
43846
43850
43854
43856
43858
43862
43866
43870
43872
43874
43876
43880
43884
43888
43890
43894
43898
43900
43902
43904
43908
43912
43914
43918
43922
43924
43926
43928
43932
43936
43940
43942
43944
43948
43952
43956
43958
43960
43964
43968
43970
43972
43974
44148
44152
44156
44158
44160
44164
44168
44172
44174
44176
44178
44182
44186
44190
44192
44196
44200
44202
44204
44206
44210
44214
44216
44220
44224
44226
44228
44230
44234
44238
44242
44244
44246
44250
44254
44258
44260
44262
44266
44270
44272
44274
44276
44450
44454
44458
44460
44462
44466
44470
44474
44476
44478
44480
44484
44488
44492
44494
44498
44502
44504
44506
44508
44512
44516
44518
44522
44526
44528
44530
44532
44536
44540
44544
44546
44548
44552
44556
44560
44562
44564
44568
44572
44574
44576
44578
44752
44756
44760
44762
44764
44768
44772
44776
44778
44780
44782
44786
44790
44794
44796
44800
44804
44806
44808
44810
44814
44818
44820
44824
44828
44830
44832
44834
44838
44842
44846
44848
44850
44854
44858
44862
44864
44866
44870
44874
44876
44878
44880
45054
45058
45062
45064
45066
45070
45074
45078
45080
45082
45084
45088
45092
45096
45098
45102
45106
45108
45110
45112
45116
45120
45122
45126
45130
45132
45134
45136
45140
45144
45148
45150
45152
45156
45160
45164
45166
45168
45172
45176
45178
45180
45182
45356
45360
45364
45366
45368
45372
45376
45380
45382
45384
45386
45390
45394
45398
45400
45404
45408
45410
45412
45414
45418
45422
45424
45428
45432
45434
45436
45438
45442
45446
45450
45452
45454
45458
45462
45466
45468
45470
45474
45478
45480
45482
45484
45658
45662
45666
45668
45670
45674
45678
45682
45684
45686
45688
45692
45696
45700
45702
45706
45710
45712
45714
45716
45720
45724
45726
45730
45734
45736
45738
45740
45744
45748
45752
45754
45756
45760
45764
45768
45770
45772
45776
45780
45782
45784
45786
45960
45964
45968
45970
45972
45976
45980
45984
45986
45988
45990
45994
45998
46002
46004
46008
46012
46014
46016
46018
46022
46026
46028
46032
46036
46038
46040
46042
46046
46050
46054
46056
46058
46062
46066
46070
46072
46074
46078
46082
46084
46086
46088
46262
46266
46270
46272
46274
46278
46282
46286
46288
46290
46292
46296
46300
46304
46306
46310
46314
46316
46318
46320
46324
46328
46330
46334
46338
46340
46342
46344
46348
46352
46356
46358
46360
46364
46368
46372
46374
46376
46380
46384
46386
46388
46390
46564
46568
46572
46574
46576
46580
46584
46588
46590
46592
46594
46598
46602
46606
46608
46612
46616
46618
46620
46622
46626
46630
46632
46636
46640
46642
46644
46646
46650
46654
46658
46660
46662
46666
46670
46674
46676
46678
46682
46686
46688
46690
46692
46866
46870
46874
46876
46878
46882
46886
46890
46892
46894
46896
46900
46904
46908
46910
46914
46918
46920
46922
46924
46928
46932
46934
46938
46942
46944
46946
46948
46952
46956
46960
46962
46964
46968
46972
46976
46978
46980
46984
46988
46990
46992
46994
47168
47172
47176
47178
47180
47184
47188
47192
47194
47196
47198
47202
47206
47210
47212
47216
47220
47222
47224
47226
47230
47234
47236
47240
47244
47246
47248
47250
47254
47258
47262
47264
47266
47270
47274
47278
47280
47282
47286
47290
47292
47294
47296
47470
47474
47478
47480
47482
47486
47490
47494
47496
47498
47500
47504
47508
47512
47514
47518
47522
47524
47526
47528
47532
47536
47538
47542
47546
47548
47550
47552
47556
47560
47564
47566
47568
47572
47576
47580
47582
47584
47588
47592
47594
47596
47598
47772
47776
47780
47782
47784
47788
47792
47796
47798
47800
47802
47806
47810
47814
47816
47820
47824
47826
47828
47830
47834
47838
47840
47844
47848
47850
47852
47854
47858
47862
47866
47868
47870
47874
47878
47882
47884
47886
47890
47894
47896
47898
47900
48074
48078
48082
48084
48086
48090
48094
48098
48100
48102
48104
48108
48112
48116
48118
48122
48126
48128
48130
48132
48136
48140
48142
48146
48150
48152
48154
48156
48160
48164
48168
48170
48172
48176
48180
48184
48186
48188
48192
48196
48198
48200
48202
48376
48380
48384
48386
48388
48392
48396
48400
48402
48404
48406
48410
48414
48418
48420
48424
48428
48430
48432
48434
48438
48442
48444
48448
48452
48454
48456
48458
48462
48466
48470
48472
48474
48478
48482
48486
48488
48490
48494
48498
48500
48502
48504
48678
48682
48686
48688
48690
48694
48698
48702
48704
48706
48708
48712
48716
48720
48722
48726
48730
48732
48734
48736
48740
48744
48746
48750
48754
48756
48758
48760
48764
48768
48772
48774
48776
48780
48784
48788
48790
48792
48796
48800
48802
48804
48806
48980
48984
48988
48990
48992
48996
49000
49004
49006
49008
49010
49014
49018
49022
49024
49028
49032
49034
49036
49038
49042
49046
49048
49052
49056
49058
49060
49062
49066
49070
49074
49076
49078
49082
49086
49090
49092
49094
49098
49102
49104
49106
49108
49282
49286
49290
49292
49294
49298
49302
49306
49308
49310
49312
49316
49320
49324
49326
49330
49334
49336
49338
49340
49344
49348
49350
49354
49358
49360
49362
49364
49368
49372
49376
49378
49380
49384
49388
49392
49394
49396
49400
49404
49406
49408
49410
49584
49588
49592
49594
49596
49600
49604
49608
49610
49612
49614
49618
49622
49626
49628
49632
49636
49638
49640
49642
49646
49650
49652
49656
49660
49662
49664
49666
49670
49674
49678
49680
49682
49686
49690
49694
49696
49698
49702
49706
49708
49710
49712
49886
49890
49894
49896
49898
49902
49906
49910
49912
49914
49916
49920
49924
49928
49930
49934
49938
49940
49942
49944
49948
49952
49954
49958
49962
49964
49966
49968
49972
49976
49980
49982
49984
49988
49992
49996
49998
50000
50004
50008
50010
50012
50014
50188
50192
50196
50198
50200
50204
50208
50212
50214
50216
50218
50222
50226
50230
50232
50236
50240
50242
50244
50246
50250
50254
50256
50260
50264
50266
50268
50270
50274
50278
50282
50284
50286
50290
50294
50298
50300
50302
50306
50310
50312
50314
50316
50490
50494
50498
50500
50502
50506
50510
50514
50516
50518
50520
50522
50526
50530
50532
50536
50540
50542
50544
50546
50550
50554
50556
50560
50564
50566
50568
50570
50574
50578
50582
50584
50586
50590
50594
50598
50600
50602
50606
50610
50612
50614
50616
50770
50774
50778
50780
50782
50786
50790
50794
50796
50798
50800
50804
50808
50812
50814
50818
50822
50824
50826
50828
50832
50836
50838
50842
50846
50848
50850
50852
50856
50860
50864
50866
50868
50872
50876
50880
50882
50884
50888
50892
50894
50896
50898
51072
51076
51080
51082
51084
51088
51092
51096
51098
51100
51102
51104
51108
51112
51114
51118
51122
51124
51126
51128
51132
51136
51138
51142
51146
51148
51150
51152
51156
51160
51164
51166
51168
51172
51176
51180
51182
51184
51188
51192
51194
51196
51198
51352
51356
51360
51362
51364
51368
51372
51376
51378
51380
51382
51386
51390
51394
51396
51400
51404
51406
51408
51410
51414
51418
51420
51424
51428
51430
51432
51434
51438
51442
51446
51448
51450
51454
51458
51462
51464
51466
51470
51474
51476
51478
51480
51654
51658
51662
51664
51666
51670
51674
51678
51680
51682
51684
51686
51690
51694
51696
51700
51704
51706
51708
51710
51714
51718
51720
51724
51728
51730
51732
51734
51738
51742
51746
51748
51750
51754
51758
51762
51764
51766
51770
51774
51776
51778
51780
51934
51938
51942
51944
51946
51950
51954
51958
51960
51962
51964
51968
51972
51976
51978
51982
51986
51988
51990
51992
51996
52000
52002
52006
52010
52012
52014
52016
52020
52024
52028
52030
52032
52036
52040
52044
52046
52048
52052
52056
52058
52060
52062
52236
52240
52244
52246
52248
52252
52256
52260
52262
52264
52266
52268
52272
52276
52278
52282
52286
52288
52290
52292
52296
52300
52302
52306
52310
52312
52314
52316
52320
52324
52328
52330
52332
52336
52340
52344
52346
52348
52352
52356
52358
52360
52362
52516
52520
52524
52526
52528
52532
52536
52540
52542
52544
52546
52550
52554
52558
52560
52564
52568
52570
52572
52574
52578
52582
52584
52588
52592
52594
52596
52598
52602
52606
52610
52612
52614
52618
52622
52626
52628
52630
52634
52638
52640
52642
52644
52818
52822
52826
52828
52830
52834
52838
52842
52844
52846
52848
52852
52856
52860
52862
52866
52870
52872
52874
52876
52880
52884
52886
52890
52894
52896
52898
52900
52904
52908
52912
52914
52916
52920
52924
52928
52930
52932
52936
52940
52942
52944
52946
53120
53124
53128
53130
53132
53136
53140
53144
53146
53148
53150
53154
53158
53162
53164
53168
53172
53174
53176
53178
53182
53186
53188
53192
53196
53198
53200
53202
53206
53210
53214
53216
53218
53222
53226
53230
53232
53234
53238
53242
53244
53246
53248
53422
53426
53430
53432
53434
53438
53442
53446
53448
53450
53452
53454
53458
53462
53464
53468
53472
53474
53476
53478
53482
53486
53488
53492
53496
53498
53500
53502
53506
53510
53514
53516
53518
53522
53526
53530
53532
53534
53538
53542
53544
53546
53548
53702
53706
53710
53712
53714
53718
53722
53726
53728
53730
53732
53736
53740
53744
53746
53750
53754
53756
53758
53760
53764
53768
53770
53774
53778
53780
53782
53784
53788
53792
53796
53798
53800
53804
53808
53812
53814
53816
53820
53824
53826
53828
53830
54004
54008
54012
54014
54016
54020
54024
54028
54030
54032
54034
54036
54040
54044
54046
54050
54054
54056
54058
54060
54064
54068
54070
54074
54078
54080
54082
54084
54088
54092
54096
54098
54100
54104
54108
54112
54114
54116
54120
54124
54126
54128
54130
54284
54288
54292
54294
54296
54300
54304
54308
54310
54312
54314
54318
54322
54326
54328
54332
54336
54338
54340
54342
54346
54350
54352
54356
54360
54362
54364
54366
54370
54374
54378
54380
54382
54386
54390
54394
54396
54398
54402
54406
54408
54410
54412
54586
54590
54594
54596
54598
54602
54606
54610
54612
54614
54616
54620
54624
54628
54630
54634
54638
54640
54642
54644
54648
54652
54654
54658
54662
54664
54666
54668
54672
54676
54680
54682
54684
54688
54692
54696
54698
54700
54704
54708
54710
54712
54714
54888
54892
54896
54898
54900
54904
54908
54912
54914
54916
54918
54922
54926
54930
54932
54936
54940
54942
54944
54946
54950
54954
54956
54960
54964
54966
54968
54970
54974
54978
54982
54984
54986
54990
54994
54998
55000
55002
55006
55010
55012
55014
55016
55190
55194
55198
55200
55202
55206
55210
55214
55216
55218
55220
55224
55228
55232
55234
55238
55242
55244
55246
55248
55252
55256
55258
55262
55266
55268
55270
55272
55276
55280
55284
55286
55288
55292
55296
55300
55302
55304
55308
55312
55314
55316
55318
55492
55496
55500
55502
55504
55508
55512
55516
55518
55520
55522
55526
55530
55534
55536
55540
55544
55546
55548
55550
55554
55558
55560
55564
55568
55570
55572
55574
55578
55582
55586
55588
55590
55594
55598
55602
55604
55606
55610
55614
55616
55618
55620
55794
55798
55802
55804
55806
55810
55814
55818
55820
55822
55824
55826
55830
55834
55836
55840
55844
55846
55848
55850
55854
55858
55860
55864
55868
55870
55872
55874
55878
55882
55886
55888
55890
55894
55898
55902
55904
55906
55910
55914
55916
55918
55920
56074
56078
56082
56084
56086
56090
56094
56098
56100
56102
56104
56108
56112
56116
56118
56122
56126
56128
56130
56132
56136
56140
56142
56146
56150
56152
56154
56156
56160
56164
56168
56170
56172
56176
56180
56184
56186
56188
56192
56196
56198
56200
56202
56376
56380
56384
56386
56388
56392
56396
56400
56402
56404
56406
56408
56412
56416
56418
56422
56426
56428
56430
56432
56436
56440
56442
56446
56450
56452
56454
56456
56460
56464
56468
56470
56472
56476
56480
56484
56486
56488
56492
56496
56498
56500
56502
56656
56660
56664
56666
56668
56672
56676
56680
56682
56684
56686
56690
56694
56698
56700
56704
56708
56710
56712
56714
56718
56722
56724
56728
56732
56734
56736
56738
56742
56746
56750
56752
56754
56758
56762
56766
56768
56770
56774
56778
56780
56782
56784
56958
56962
56966
56968
56970
56974
56978
56982
56984
56986
56988
56990
56994
56998
57000
57004
57008
57010
57012
57014
57018
57022
57024
57028
57032
57034
57036
57038
57042
57046
57050
57052
57054
57058
57062
57066
57068
57070
57074
57078
57080
57082
57084
57238
57242
57246
57248
57250
57254
57258
57262
57264
57266
57268
57272
57276
57280
57282
57286
57290
57292
57294
57296
57300
57304
57306
57310
57314
57316
57318
57320
57324
57328
57332
57334
57336
57340
57344
57348
57350
57352
57356
57360
57362
57364
57366
57540
57544
57548
57550
57552
57556
57560
57564
57566
57568
57570
57572
57576
57580
57582
57586
57590
57592
57594
57596
57600
57604
57606
57610
57614
57616
57618
57620
57624
57628
57632
57634
57636
57640
57644
57648
57650
57652
57656
57660
57662
57664
57666
57820
57824
57828
57830
57832
57836
57840
57844
57846
57848
57850
57854
57858
57862
57864
57868
57872
57874
57876
57878
57882
57886
57888
57892
57896
57898
57900
57902
57906
57910
57914
57916
57918
57922
57926
57930
57932
57934
57938
57942
57944
57946
57948
58122
58126
58130
58132
58134
58138
58142
58146
58148
58150
58152
58156
58160
58164
58166
58170
58174
58176
58178
58180
58184
58188
58190
58194
58198
58200
58202
58204
58208
58212
58216
58218
58220
58224
58228
58232
58234
58236
58240
58244
58246
58248
58250
58424
58428
58432
58434
58436
58440
58444
58448
58450
58452
58454
58458
58462
58466
58468
58472
58476
58478
58480
58482
58486
58490
58492
58496
58500
58502
58504
58506
58510
58514
58518
58520
58522
58526
58530
58534
58536
58538
58542
58546
58548
58550
58552
58726
58730
58734
58736
58738
58742
58746
58750
58752
58754
58756
58758
58762
58766
58768
58772
58776
58778
58780
58782
58786
58790
58792
58796
58800
58802
58804
58806
58810
58814
58818
58820
58822
58826
58830
58834
58836
58838
58842
58846
58848
58850
58852
59006
59010
59014
59016
59018
59022
59026
59030
59032
59034
59036
59040
59044
59048
59050
59054
59058
59060
59062
59064
59068
59072
59074
59078
59082
59084
59086
59088
59092
59096
59100
59102
59104
59108
59112
59116
59118
59120
59124
59128
59130
59132
59134
59308
59312
59316
59318
59320
59324
59328
59332
59334
59336
59338
59340
59344
59348
59350
59354
59358
59360
59362
59364
59368
59372
59374
59378
59382
59384
59386
59388
59392
59396
59400
59402
59404
59408
59412
59416
59418
59420
59424
59428
59430
59432
59434
59588
59592
59596
59598
59600
59604
59608
59612
59614
59616
59618
59622
59626
59630
59632
59636
59640
59642
59644
59646
59650
59654
59656
59660
59664
59666
59668
59670
59674
59678
59682
59684
59686
59690
59694
59698
59700
59702
59706
59710
59712
59714
59716
59890
59894
59898
59900
59902
59906
59910
59914
59916
59918
59920
59924
59928
59932
59934
59938
59942
59944
59946
59948
59952
59956
59958
59962
59966
59968
59970
59972
59976
59980
59984
59986
59988
59992
59996
60000
60002
60004
60008
60012
60014
60016
60018
60192
60196
60200
60202
60204
60208
60212
60216
60218
60220
60222
60226
60230
60234
60236
60240
60244
60246
60248
60250
60254
60258
60260
60264
60268
60270
60272
60274
60278
60282
60286
60288
60290
60294
60298
60302
60304
60306
60310
60314
60316
60318
60320
60494
60498
60502
60504
60506
60510
60514
60518
60520
60522
60524
60528
60532
60536
60538
60542
60546
60548
60550
60552
60556
60560
60562
60566
60570
60572
60574
60576
60580
60584
60588
60590
60592
60596
60600
60604
60606
60608
60612
60616
60618
60620
60622
60796
60800
60804
60806
60808
60812
60816
60820
60822
60824
60826
60830
60834
60838
60840
60844
60848
60850
60852
60854
60858
60862
60864
60868
60872
60874
60876
60878
60882
60886
60890
60892
60894
60898
60902
60906
60908
60910
60914
60918
60920
60922
60924
61098
61102
61106
61108
61110
61114
61118
61122
61124
61126
61128
61130
61134
61138
61140
61144
61148
61150
61152
61154
61158
61162
61164
61168
61172
61174
61176
61178
61182
61186
61190
61192
61194
61198
61202
61206
61208
61210
61214
61218
61220
61222
61224
61378
61382
61386
61388
61390
61394
61398
61402
61404
61406
61408
61412
61416
61420
61422
61426
61430
61432
61434
61436
61440
61444
61446
61450
61454
61456
61458
61460
61464
61468
61472
61474
61476
61480
61484
61488
61490
61492
61496
61500
61502
61504
61506
61680
61684
61688
61690
61692
61696
61700
61704
61706
61708
61710
61712
61716
61720
61722
61726
61730
61732
61734
61736
61740
61744
61746
61750
61754
61756
61758
61760
61764
61768
61772
61774
61776
61780
61784
61788
61790
61792
61796
61800
61802
61804
61806
61960
61964
61968
61970
61972
61976
61980
61984
61986
61988
61990
61994
61998
62002
62004
62008
62012
62014
62016
62018
62022
62026
62028
62032
62036
62038
62040
62042
62046
62050
62054
62056
62058
62062
62066
62070
62072
62074
62078
62082
62084
62086
62088
62262
62266
62270
62272
62274
62278
62282
62286
62288
62290
62292
62294
62298
62302
62304
62308
62312
62314
62316
62318
62322
62326
62328
62332
62336
62338
62340
62342
62346
62350
62354
62356
62358
62362
62366
62370
62372
62374
62378
62382
62384
62386
62388
62542
62546
62550
62552
62554
62558
62562
62566
62568
62570
62572
62576
62580
62584
62586
62590
62594
62596
62598
62600
62604
62608
62610
62614
62618
62620
62622
62624
62628
62632
62636
62638
62640
62644
62648
62652
62654
62656
62660
62664
62666
62668
62670
62844
62848
62852
62854
62856
62860
62864
62868
62870
62872
62874
62876
62880
62884
62886
62890
62894
62896
62898
62900
62904
62908
62910
62914
62918
62920
62922
62924
62928
62932
62936
62938
62940
62944
62948
62952
62954
62956
62960
62964
62966
62968
62970
63124
63128
63132
63134
63136
63140
63144
63148
63150
63152
63154
63158
63162
63166
63168
63172
63176
63178
63180
63182
63186
63190
63192
63196
63200
63202
63204
63206
63210
63214
63218
63220
63222
63226
63230
63234
63236
63238
63242
63246
63248
63250
63252
63426
63430
63434
63436
63438
63442
63446
63450
63452
63454
63456
63460
63464
63468
63470
63474
63478
63480
63482
63484
63488
63492
63494
63498
63502
63504
63506
63508
63512
63516
63520
63522
63524
63528
63532
63536
63538
63540
63544
63548
63550
63552
63554
63728
63732
63736
63738
63740
63744
63748
63752
63754
63756
63758
63762
63766
63770
63772
63776
63780
63782
63784
63786
63790
63794
63796
63800
63804
63806
63808
63810
63814
63818
63822
63824
63826
63830
63834
63838
63840
63842
63846
63850
63852
63854
63856
64030
64034
64038
64040
64042
64046
64050
64054
64056
64058
64060
64062
64066
64070
64072
64076
64080
64082
64084
64086
64090
64094
64096
64100
64104
64106
64108
64110
64114
64118
64122
64124
64126
64130
64134
64138
64140
64142
64146
64150
64152
64154
64156
64310
64314
64318
64320
64322
64326
64330
64334
64336
64338
64340
64344
64348
64352
64354
64358
64362
64364
64366
64368
64372
64376
64378
64382
64386
64388
64390
64392
64396
64400
64404
64406
64408
64412
64416
64420
64422
64424
64428
64432
64434
64436
64438
64612
64616
64620
64622
64624
64628
64632
64636
64638
64640
64642
64644
64648
64652
64654
64658
64662
64664
64666
64668
64672
64676
64678
64682
64686
64688
64690
64692
64696
64700
64704
64706
64708
64712
64716
64720
64722
64724
64728
64732
64734
64736
64738
64892
64896
64900
64902
64904
64908
64912
64916
64918
64920
64922
64926
64930
64934
64936
64940
64944
64946
64948
64950
64954
64958
64960
64964
64968
64970
64972
64974
64978
64982
64986
64988
64990
64994
64998
65002
65004
65006
65010
65014
65016
65018
65020
65194
65198
65202
65204
65206
65210
65214
65218
65220
65222
65224
65228
65232
65236
65238
65242
65246
65248
65250
65252
65256
65260
65262
65266
65270
65272
65274
65276
65280
65284
65288
65290
65292
65296
65300
65304
65306
65308
65312
65316
65318
65320
65322
65496
65500
65504
65506
65508
65512
65516
65520
65522
65524
65526
65530
65534
65538
65540
65544
65548
65550
65552
65554
65558
65562
65564
65568
65572
65574
65576
65578
65582
65586
65590
65592
65594
65598
65602
65606
65608
65610
65614
65618
65620
65622
65624
65798
65802
65806
65808
65810
65814
65818
65822
65824
65826
65828
65830
65834
65838
65840
65844
65848
65850
65852
65854
65858
65862
65864
65868
65872
65874
65876
65878
65882
65886
65888
65892
65896
65900
65902
65906
65910
65914
65916
66078
66082
66086
66088
66090
66094
66098
66102
66104
66106
66108
66110
66114
66118
66120
66124
66128
66130
66132
66134
66138
66142
66144
66148
66152
66154
66156
66158
66162
66166
66168
66172
66176
66180
66182
66186
66190
66194
66196
66358
66362
66366
66368
66370
66374
66378
66382
66384
66386
66388
66390
66394
66398
66400
66404
66408
66410
66412
66414
66418
66422
66424
66428
66432
66434
66436
66438
66442
66446
66448
66452
66456
66460
66462
66466
66470
66474
66476
66638
66642
66646
66648
66650
66654
66658
66662
66664
66666
66668
66670
66674
66678
66680
66684
66688
66690
66692
66694
66698
66702
66704
66708
66712
66714
66716
66718
66722
66726
66728
66732
66736
66740
66742
66746
66750
66754
66756
66918
66922
66926
66928
66930
66934
66938
66942
66944
66946
66948
66950
66954
66958
66960
66964
66968
66970
66972
66974
66978
66982
66984
66988
66992
66994
66996
66998
67002
67006
67008
67012
67016
67020
67022
67026
67030
67034
67036
67198
67202
67206
67208
67210
67214
67218
67222
67224
67226
67228
67230
67234
67238
67240
67244
67248
67250
67252
67254
67258
67262
67264
67268
67272
67274
67276
67278
67282
67286
67288
67292
67296
67300
67302
67306
67310
67314
67316
67478
67482
67486
67488
67490
67492
67496
67500
67502
67504
67506
67508
67512
67516
67518
67522
67526
67528
67530
67532
67536
67540
67542
67546
67550
67552
67554
67556
67560
67564
67566
67570
67574
67578
67580
67584
67588
67592
67594
67736
67740
67744
67746
67748
67752
67756
67760
67762
67764
67766
67768
67772
67776
67778
67782
67786
67788
67790
67792
67796
67800
67802
67806
67810
67812
67814
67816
67820
67824
67826
67830
67834
67838
67840
67844
67848
67852
67854
68016
68020
68024
68026
68028
68030
68034
68038
68040
68042
68044
68046
68050
68054
68056
68060
68064
68066
68068
68070
68074
68078
68080
68084
68088
68090
68092
68094
68098
68102
68104
68108
68112
68116
68118
68122
68126
68130
68132
68274
68278
68282
68284
68286
68290
68294
68298
68300
68302
68304
68306
68310
68314
68316
68320
68324
68326
68328
68330
68334
68338
68340
68344
68348
68350
68352
68354
68358
68362
68364
68368
68372
68376
68378
68382
68386
68390
68392
68554
68558
68562
68564
68566
68570
68574
68578
68580
68582
68584
68586
68590
68594
68596
68600
68604
68606
68608
68610
68614
68618
68620
68624
68628
68630
68632
68634
68638
68642
68644
68648
68652
68656
68658
68662
68666
68670
68672
68834
68838
68842
68844
68846
68850
68854
68858
68860
68862
68864
68866
68870
68874
68876
68880
68884
68886
68888
68890
68894
68898
68900
68904
68908
68910
68912
68914
68918
68922
68924
68928
68932
68936
68938
68942
68946
68950
68952
69114
69118
69122
69124
69126
69128
69132
69136
69138
69140
69142
69144
69148
69152
69154
69158
69162
69164
69166
69168
69172
69176
69178
69182
69186
69188
69190
69192
69196
69200
69202
69206
69210
69214
69216
69220
69224
69228
69230
69372
69376
69380
69382
69384
69388
69392
69396
69398
69400
69402
69404
69408
69412
69414
69418
69422
69424
69426
69428
69432
69436
69438
69442
69446
69448
69450
69452
69456
69460
69462
69466
69470
69474
69476
69480
69484
69488
69490
69652
69656
69660
69662
69664
69666
69670
69674
69676
69678
69680
69682
69686
69690
69692
69696
69700
69702
69704
69706
69710
69714
69716
69720
69724
69726
69728
69730
69734
69738
69740
69744
69748
69752
69754
69758
69762
69766
69768
69910
69914
69918
69920
69922
69926
69930
69934
69936
69938
69940
69942
69946
69950
69952
69956
69960
69962
69964
69966
69970
69974
69976
69980
69984
69986
69988
69990
69994
69998
70000
70004
70008
70012
70014
70018
70022
70026
70028
70190
70194
70198
70200
70202
70206
70210
70214
70216
70218
70220
70222
70226
70230
70232
70236
70240
70242
70244
70246
70250
70254
70256
70260
70264
70266
70268
70270
70274
70278
70280
70284
70288
70292
70294
70298
70302
70306
70308
70470
70474
70478
70480
70482
70486
70490
70494
70496
70498
70500
70502
70506
70510
70512
70516
70520
70522
70524
70526
70530
70534
70536
70540
70544
70546
70548
70550
70554
70558
70560
70564
70568
70572
70574
70578
70582
70586
70588
70750
70754
70758
70760
70762
70764
70768
70772
70774
70776
70778
70780
70784
70788
70790
70794
70798
70800
70802
70804
70808
70812
70814
70818
70822
70824
70826
70828
70832
70836
70838
70842
70846
70850
70852
70856
70860
70864
70866
71008
71012
71016
71018
71020
71024
71028
71032
71034
71036
71038
71040
71044
71048
71050
71054
71058
71060
71062
71064
71068
71072
71074
71078
71082
71084
71086
71088
71092
71096
71098
71102
71106
71110
71112
71116
71120
71124
71126
71288
71292
71296
71298
71300
71302
71306
71310
71312
71314
71316
71318
71322
71326
71328
71332
71336
71338
71340
71342
71346
71350
71352
71356
71360
71362
71364
71366
71370
71374
71376
71380
71384
71388
71390
71394
71398
71402
71404
71546
71548
71550
71552
71556
71558
71560
71562
71564
71566
71568
71572
71574
