3204447652
3204446132
3204446132
3204446132
3204446132
479360
483084
486636
486640
486632
3204446136
486636
3204446140
3204446136
3204446140
479360
483084
486640
486636
486632
3204446148
486640
3204446152
3204446148
3204446152
479360
483084
486632
486640
486636
3204446160
486632
3204446164
3204446160
3204446164
479360
483084
486640
486632
486636
3204446172
486640
3204446176
3204446172
3204446176
479360
483084
486632
486636
486640
3204446184
486632
3204446188
3204446184
3204446188
479360
483084
486636
486632
486640
3204446196
486636
3204446200
3204446196
3204446200
479364
483084
486648
486652
486648
486656
486644
3204446208
486648
3204446212
3204446212
3204446208
479364
483084
486648
486656
486648
486652
486644
3204446220
486648
3204446224
3204446224
3204446220
479364
483084
486652
486648
486652
486656
486644
3204446232
486652
3204446236
3204446236
3204446232
479364
483084
486652
486656
486652
486648
486644
3204446244
486652
3204446248
3204446248
3204446244
479364
483084
486656
486648
486656
486652
486644
3204446256
486656
3204446260
3204446260
3204446256
479364
483084
486656
486652
486656
486648
486644
3204446268
486656
3204446272
3204446272
3204446268
479364
483084
486644
486652
486644
486656
486648
3204446280
486644
3204446284
3204446284
3204446280
479364
483084
486644
486656
486644
486652
486648
3204446292
486644
3204446296
3204446296
3204446292
479364
483084
486652
486644
486652
486656
486648
3204446304
486652
3204446308
3204446308
3204446304
479364
483084
486652
486656
486652
486644
486648
3204446316
486652
3204446320
3204446320
3204446316
479364
483084
486656
486644
486656
486652
486648
3204446328
486656
3204446332
3204446332
3204446328
479364
483084
486656
486652
486656
486644
486648
3204446340
486656
3204446344
3204446344
3204446340
479364
483084
486644
486648
486644
486656
486652
3204446352
486644
3204446356
3204446356
3204446352
479364
483084
486644
486656
486644
486648
486652
3204446364
486644
3204446368
3204446368
3204446364
479364
483084
486648
486644
486648
486656
486652
3204446376
486648
3204446380
3204446380
3204446376
479364
483084
486648
486656
486648
486644
486652
3204446388
486648
3204446392
3204446392
3204446388
479364
483084
486656
486644
486656
486648
486652
3204446400
486656
3204446404
3204446404
3204446400
479364
483084
486656
486648
486656
486644
486652
3204446412
486656
3204446416
3204446416
3204446412
479364
483084
486644
486648
486644
486652
486656
3204446424
486644
3204446428
3204446428
3204446424
479364
483084
486644
486652
486644
486648
486656
3204446436
486644
3204446440
3204446440
3204446436
479364
483084
486648
486644
486648
486652
486656
3204446448
486648
3204446452
3204446452
3204446448
479364
483084
486648
486652
486648
486644
486656
3204446460
486648
3204446464
3204446464
3204446460
479364
483084
486652
486644
486652
486648
486656
3204446472
486652
3204446476
3204446476
3204446472
479364
483084
486652
486648
486652
486644
486656
3204446484
486652
3204446488
3204446488
3204446484
479364
483084
486648
486652
486648
486660
486644
3204446496
486648
3204446500
3204446500
3204446496
479364
483084
486648
486656
486648
486660
486644
3204446508
486648
3204446512
3204446512
3204446508
479364
483084
486648
486660
486648
486652
486644
3204446520
486648
3204446524
3204446524
3204446520
479364
483084
486648
486660
486648
486656
486644
3204446532
486648
3204446536
3204446536
3204446532
479364
483084
486652
486648
486652
486660
486644
3204446544
486652
3204446548
3204446548
3204446544
479364
483084
486652
486656
486652
486660
486644
3204446556
486652
3204446560
3204446560
3204446556
479364
483084
486652
486660
486652
486648
486644
3204446568
486652
3204446572
3204446572
3204446568
479364
483084
486652
486660
486652
486656
486644
3204446580
486652
3204446584
3204446584
3204446580
479364
483084
486656
486648
486656
486660
486644
3204446592
486656
3204446596
3204446596
3204446592
479364
483084
486656
486652
486656
486660
486644
3204446604
486656
3204446608
3204446608
3204446604
479364
483084
486656
486660
486656
486648
486644
3204446616
486656
3204446620
3204446620
3204446616
479364
483084
486656
486660
486656
486652
486644
3204446628
486656
3204446632
3204446632
3204446628
479364
483084
486660
486648
486660
486652
486644
3204446640
486660
3204446644
3204446644
3204446640
479364
483084
486660
486648
486660
486656
486644
3204446652
486660
3204446656
3204446656
3204446652
479364
483084
486660
486652
486660
486648
486644
3204446664
486660
3204446668
3204446668
3204446664
479364
483084
486660
486652
486660
486656
486644
3204446676
486660
3204446680
3204446680
3204446676
479364
483084
486660
486656
486660
486648
486644
3204446688
486660
3204446692
3204446692
3204446688
479364
483084
486660
486656
486660
486652
486644
3204446700
486660
3204446704
3204446704
3204446700
479364
483084
486644
486652
486644
486660
486648
3204446712
486644
3204446716
3204446716
3204446712
479364
483084
486644
486656
486644
486660
486648
3204446724
486644
3204446728
3204446728
3204446724
479364
483084
486644
486660
486644
486652
486648
3204446736
486644
3204446740
3204446740
3204446736
479364
483084
486644
486660
486644
486656
486648
3204446748
486644
3204446752
3204446752
3204446748
479364
483084
486652
486644
486652
486660
486648
3204446760
486652
3204446764
3204446764
3204446760
479364
483084
486652
486656
486652
486660
486648
3204446772
486652
3204446776
3204446776
3204446772
479364
483084
486652
486660
486652
486644
486648
3204446784
486652
3204446788
3204446788
3204446784
479364
483084
486652
486660
486652
486656
486648
3204446796
486652
3204446800
3204446800
3204446796
479364
483084
486656
486644
486656
486660
486648
3204446808
486656
3204446812
3204446812
3204446808
479364
483084
486656
486652
486656
486660
486648
3204446820
486656
3204446824
3204446824
3204446820
479364
483084
486656
486660
486656
486644
486648
3204446832
486656
3204446836
3204446836
3204446832
479364
483084
486656
486660
486656
486652
486648
3204446844
486656
3204446848
3204446848
3204446844
479364
483084
486660
486644
486660
486652
486648
3204446856
486660
3204446860
3204446860
3204446856
479364
483084
486660
486644
486660
486656
486648
3204446868
486660
3204446872
3204446872
3204446868
479364
483084
486660
486652
486660
486644
486648
3204446880
486660
3204446884
3204446884
3204446880
479364
483084
486660
486652
486660
486656
486648
3204446892
486660
3204446896
3204446896
3204446892
479364
483084
486660
486656
486660
486644
486648
3204446904
486660
3204446908
3204446908
3204446904
479364
483084
486660
486656
486660
486652
486648
3204446916
486660
3204446920
3204446920
3204446916
479364
483084
486644
486648
486644
486660
486652
3204446928
486644
3204446932
3204446932
3204446928
479364
483084
486644
486656
486644
486660
486652
3204446940
486644
3204446944
3204446944
3204446940
479364
483084
486644
486660
486644
486648
486652
3204446952
486644
3204446956
3204446956
3204446952
479364
483084
486644
486660
486644
486656
486652
3204446964
486644
3204446968
3204446968
3204446964
479364
483084
486648
486644
486648
486660
486652
3204446976
486648
3204446980
3204446980
3204446976
479364
483084
486648
486656
486648
486660
486652
3204446988
486648
3204446992
3204446992
3204446988
479364
483084
486648
486660
486648
486644
486652
3204447000
486648
3204447004
3204447004
3204447000
479364
483084
486648
486660
486648
486656
486652
3204447012
486648
3204447016
3204447016
3204447012
479364
483084
486656
486644
486656
486660
486652
3204447024
486656
3204447028
3204447028
3204447024
479364
483084
486656
486648
486656
486660
486652
3204447036
486656
3204447040
3204447040
3204447036
479364
483084
486656
486660
486656
486644
486652
3204447048
486656
3204447052
3204447052
3204447048
479364
483084
486656
486660
486656
486648
486652
3204447060
486656
3204447064
3204447064
3204447060
479364
483084
486660
486644
486660
486648
486652
3204447072
486660
3204447076
3204447076
3204447072
479364
483084
486660
486644
486660
486656
486652
3204447084
486660
3204447088
3204447088
3204447084
479364
483084
486660
486648
486660
486644
486652
3204447096
486660
3204447100
3204447100
3204447096
479364
483084
486660
486648
486660
486656
486652
3204447108
486660
3204447112
3204447112
3204447108
479364
483084
486660
486656
486660
486644
486652
3204447120
486660
3204447124
3204447124
3204447120
479364
483084
486660
486656
486660
486648
486652
3204447132
486660
3204447136
3204447136
3204447132
479364
483084
486644
486648
486644
486660
486656
3204447144
486644
3204447148
3204447148
3204447144
479364
483084
486644
486652
486644
486660
486656
3204447156
486644
3204447160
3204447160
3204447156
479364
483084
486644
486660
486644
486648
486656
3204447168
486644
3204447172
3204447172
3204447168
479364
483084
486644
486660
486644
486652
486656
3204447180
486644
3204447184
3204447184
3204447180
479364
483084
486648
486644
486648
486660
486656
3204447192
486648
3204447196
3204447196
3204447192
479364
483084
486648
486652
486648
486660
486656
3204447204
486648
3204447208
3204447208
3204447204
479364
483084
486648
486660
486648
486644
486656
3204447216
486648
3204447220
3204447220
3204447216
479364
483084
486648
486660
486648
486652
486656
3204447228
486648
3204447232
3204447232
3204447228
479364
483084
486652
486644
486652
486660
486656
3204447240
486652
3204447244
3204447244
3204447240
479364
483084
486652
486648
486652
486660
486656
3204447252
486652
3204447256
3204447256
3204447252
479364
483084
486652
486660
486652
486644
486656
3204447264
486652
3204447268
3204447268
3204447264
479364
483084
486652
486660
486652
486648
486656
3204447276
486652
3204447280
3204447280
3204447276
479364
483084
486660
486644
486660
486648
486656
3204447288
486660
3204447292
3204447292
3204447288
479364
483084
486660
486644
486660
486652
486656
3204447300
486660
3204447304
3204447304
3204447300
479364
483084
486660
486648
486660
486644
486656
3204447312
486660
3204447316
3204447316
3204447312
479364
483084
486660
486648
486660
486652
486656
3204447324
486660
3204447328
3204447328
3204447324
479364
483084
486660
486652
486660
486644
486656
3204447336
486660
3204447340
3204447340
3204447336
479364
483084
486660
486652
486660
486648
486656
3204447348
486660
3204447352
3204447352
3204447348
479364
483084
486644
486648
486644
486652
486660
3204447360
486644
3204447364
3204447364
3204447360
479364
483084
486644
486648
486644
486656
486660
3204447372
486644
3204447376
3204447376
3204447372
479364
483084
486644
486652
486644
486648
486660
3204447384
486644
3204447388
3204447388
3204447384
479364
483084
486644
486652
486644
486656
486660
3204447396
486644
3204447400
3204447400
3204447396
479364
483084
486644
486656
486644
486648
486660
3204447408
486644
3204447412
3204447412
3204447408
479364
483084
486644
486656
486644
486652
486660
3204447420
486644
3204447424
3204447424
3204447420
479364
483084
486648
486644
486648
486652
486660
3204447432
486648
3204447436
3204447436
3204447432
479364
483084
486648
486644
486648
486656
486660
3204447444
486648
3204447448
3204447448
3204447444
479364
483084
486648
486652
486648
486644
486660
3204447456
486648
3204447460
3204447460
3204447456
479364
483084
486648
486652
486648
486656
486660
3204447468
486648
3204447472
3204447472
3204447468
479364
483084
486648
486656
486648
486644
486660
3204447480
486648
3204447484
3204447484
3204447480
479364
483084
486648
486656
486648
486652
486660
3204447492
486648
3204447496
3204447496
3204447492
479364
483084
486652
486644
486652
486648
486660
3204447504
486652
3204447508
3204447508
3204447504
479364
483084
486652
486644
486652
486656
486660
3204447516
486652
3204447520
3204447520
3204447516
479364
483084
486652
486648
486652
486644
486660
3204447528
486652
3204447532
3204447532
3204447528
479364
483084
486652
486648
486652
486656
486660
3204447540
486652
3204447544
3204447544
3204447540
479364
483084
486652
486656
486652
486644
486660
3204447552
486652
3204447556
3204447556
3204447552
479364
483084
486652
486656
486652
486648
486660
3204447564
486652
3204447568
3204447568
3204447564
479364
483084
486656
486644
486656
486648
486660
3204447576
486656
3204447580
3204447580
3204447576
479364
483084
486656
486644
486656
486652
486660
3204447588
486656
3204447592
3204447592
3204447588
479364
483084
486656
486648
486656
486644
486660
3204447600
486656
3204447604
3204447604
3204447600
479364
483084
486656
486648
486656
486652
486660
3204447612
486656
3204447616
3204447616
3204447612
479364
483084
486656
486652
486656
486644
486660
3204447624
486656
3204447628
3204447628
3204447624
479364
483084
486656
486652
486656
486648
486660
3204447636
486656
3204447640
3204447640
3204447636
3204446132
3204446132
3204446132
479360
483084
486636
486640
486632
3204446136
486636
3204446140
3204446136
3204446140
479360
483084
486640
486636
486632
3204446148
486640
3204446152
3204446148
3204446152
479360
483084
486632
486640
486636
3204446160
486632
3204446164
3204446160
3204446164
479360
483084
486640
486632
486636
3204446172
486640
3204446176
3204446172
3204446176
479360
483084
486632
486636
486640
3204446184
486632
3204446188
3204446184
3204446188
479360
483084
486636
486632
486640
3204446196
486636
3204446200
3204446196
3204446200
479364
483084
486648
486652
486648
486656
486644
3204446208
486648
3204446212
3204446212
3204446208
479364
483084
486648
486656
486648
486652
486644
3204446220
486648
3204446224
3204446224
3204446220
479364
483084
486652
486648
486652
486656
486644
3204446232
486652
3204446236
3204446236
3204446232
479364
483084
486652
486656
486652
486648
486644
3204446244
486652
3204446248
3204446248
3204446244
479364
483084
486656
486648
486656
486652
486644
3204446256
486656
3204446260
3204446260
3204446256
479364
483084
486656
486652
486656
486648
486644
3204446268
486656
3204446272
3204446272
3204446268
479364
483084
486644
486652
486644
486656
486648
3204446280
486644
3204446284
3204446284
3204446280
479364
483084
486644
486656
486644
486652
486648
3204446292
486644
3204446296
3204446296
3204446292
479364
483084
486652
486644
486652
486656
486648
3204446304
486652
3204446308
3204446308
3204446304
479364
483084
486652
486656
486652
486644
486648
3204446316
486652
3204446320
3204446320
3204446316
479364
483084
486656
486644
486656
486652
486648
3204446328
486656
3204446332
3204446332
3204446328
479364
483084
486656
486652
486656
486644
486648
3204446340
486656
3204446344
3204446344
3204446340
479364
483084
486644
486648
486644
486656
486652
3204446352
486644
3204446356
3204446356
3204446352
479364
483084
486644
486656
486644
486648
486652
3204446364
486644
3204446368
3204446368
3204446364
479364
483084
486648
486644
486648
486656
486652
3204446376
486648
3204446380
3204446380
3204446376
479364
483084
486648
486656
486648
486644
486652
3204446388
486648
3204446392
3204446392
3204446388
479364
483084
486656
486644
486656
486648
486652
3204446400
486656
3204446404
3204446404
3204446400
479364
483084
486656
486648
486656
486644
486652
3204446412
486656
3204446416
3204446416
3204446412
479364
483084
486644
486648
486644
486652
486656
3204446424
486644
3204446428
3204446428
3204446424
479364
483084
486644
486652
486644
486648
486656
3204446436
486644
3204446440
3204446440
3204446436
479364
483084
486648
486644
486648
486652
486656
3204446448
486648
3204446452
3204446452
3204446448
479364
483084
486648
486652
486648
486644
486656
3204446460
486648
3204446464
3204446464
3204446460
479364
483084
486652
486644
486652
486648
486656
3204446472
486652
3204446476
3204446476
3204446472
479364
483084
486652
486648
486652
486644
486656
3204446484
486652
3204446488
3204446488
3204446484
479364
483084
486648
486652
486648
486660
486644
3204446496
486648
3204446500
3204446500
3204446496
479364
483084
486648
486656
486648
486660
486644
3204446508
486648
3204446512
3204446512
3204446508
479364
483084
486648
486660
486648
486652
486644
3204446520
486648
3204446524
3204446524
3204446520
479364
483084
486648
486660
486648
486656
486644
3204446532
486648
3204446536
3204446536
3204446532
479364
483084
486652
486648
486652
486660
486644
3204446544
486652
3204446548
3204446548
3204446544
479364
483084
486652
486656
486652
486660
486644
3204446556
486652
3204446560
3204446560
3204446556
479364
483084
486652
486660
486652
486648
486644
3204446568
486652
3204446572
3204446572
3204446568
479364
483084
486652
486660
486652
486656
486644
3204446580
486652
3204446584
3204446584
3204446580
479364
483084
486656
486648
486656
486660
486644
3204446592
486656
3204446596
3204446596
3204446592
479364
483084
486656
486652
486656
486660
486644
3204446604
486656
3204446608
3204446608
3204446604
479364
483084
486656
486660
486656
486648
486644
3204446616
486656
3204446620
3204446620
3204446616
479364
483084
486656
486660
486656
486652
486644
3204446628
486656
3204446632
3204446632
3204446628
479364
483084
486660
486648
486660
486652
486644
3204446640
486660
3204446644
3204446644
3204446640
479364
483084
486660
486648
486660
486656
486644
3204446652
486660
3204446656
3204446656
3204446652
479364
483084
486660
486652
486660
486648
486644
3204446664
486660
3204446668
3204446668
3204446664
479364
483084
486660
486652
486660
486656
486644
3204446676
486660
3204446680
3204446680
3204446676
479364
483084
486660
486656
486660
486648
486644
3204446688
486660
3204446692
3204446692
3204446688
479364
483084
486660
486656
486660
486652
486644
3204446700
486660
3204446704
3204446704
3204446700
479364
483084
486644
486652
486644
486660
486648
3204446712
486644
3204446716
3204446716
3204446712
479364
483084
486644
486656
486644
486660
486648
3204446724
486644
3204446728
3204446728
3204446724
479364
483084
486644
486660
486644
486652
486648
3204446736
486644
3204446740
3204446740
3204446736
479364
483084
486644
486660
486644
486656
486648
3204446748
486644
3204446752
3204446752
3204446748
479364
483084
486652
486644
486652
486660
486648
3204446760
486652
3204446764
3204446764
3204446760
479364
483084
486652
486656
486652
486660
486648
3204446772
486652
3204446776
3204446776
3204446772
479364
483084
486652
486660
486652
486644
486648
3204446784
486652
3204446788
3204446788
3204446784
479364
483084
486652
486660
486652
486656
486648
3204446796
486652
3204446800
3204446800
3204446796
479364
483084
486656
486644
486656
486660
486648
3204446808
486656
3204446812
3204446812
3204446808
479364
483084
486656
486652
486656
486660
486648
3204446820
486656
3204446824
3204446824
3204446820
479364
483084
486656
486660
486656
486644
486648
3204446832
486656
3204446836
3204446836
3204446832
479364
483084
486656
486660
486656
486652
486648
3204446844
486656
3204446848
3204446848
3204446844
479364
483084
486660
486644
486660
486652
486648
3204446856
486660
3204446860
3204446860
3204446856
479364
483084
486660
486644
486660
486656
486648
3204446868
486660
3204446872
3204446872
3204446868
479364
483084
486660
486652
486660
486644
486648
3204446880
486660
3204446884
3204446884
3204446880
479364
483084
486660
486652
486660
486656
486648
3204446892
486660
3204446896
3204446896
3204446892
479364
483084
486660
486656
486660
486644
486648
3204446904
486660
3204446908
3204446908
3204446904
479364
483084
486660
486656
486660
486652
486648
3204446916
486660
3204446920
3204446920
3204446916
479364
483084
486644
486648
486644
486660
486652
3204446928
486644
3204446932
3204446932
3204446928
479364
483084
486644
486656
486644
486660
486652
3204446940
486644
3204446944
3204446944
3204446940
479364
483084
486644
486660
486644
486648
486652
3204446952
486644
3204446956
3204446956
3204446952
479364
483084
486644
486660
486644
486656
486652
3204446964
486644
3204446968
3204446968
3204446964
479364
483084
486648
486644
486648
486660
486652
3204446976
486648
3204446980
3204446980
3204446976
479364
483084
486648
486656
486648
486660
486652
3204446988
486648
3204446992
3204446992
3204446988
479364
483084
486648
486660
486648
486644
486652
3204447000
486648
3204447004
3204447004
3204447000
479364
483084
486648
486660
486648
486656
486652
3204447012
486648
3204447016
3204447016
3204447012
479364
483084
486656
486644
486656
486660
486652
3204447024
486656
3204447028
3204447028
3204447024
479364
483084
486656
486648
486656
486660
486652
3204447036
486656
3204447040
3204447040
3204447036
479364
483084
486656
486660
486656
486644
486652
3204447048
486656
3204447052
3204447052
3204447048
479364
483084
486656
486660
486656
486648
486652
3204447060
486656
3204447064
3204447064
3204447060
479364
483084
486660
486644
486660
486648
486652
3204447072
486660
3204447076
3204447076
3204447072
479364
483084
486660
486644
486660
486656
486652
3204447084
486660
3204447088
3204447088
3204447084
479364
483084
486660
486648
486660
486644
486652
3204447096
486660
3204447100
3204447100
3204447096
479364
483084
486660
486648
486660
486656
486652
3204447108
486660
3204447112
3204447112
3204447108
479364
483084
486660
486656
486660
486644
486652
3204447120
486660
3204447124
3204447124
3204447120
479364
483084
486660
486656
486660
486648
486652
3204447132
486660
3204447136
3204447136
3204447132
479364
483084
486644
486648
486644
486660
486656
3204447144
486644
3204447148
3204447148
3204447144
479364
483084
486644
486652
486644
486660
486656
3204447156
486644
3204447160
3204447160
3204447156
479364
483084
486644
486660
486644
486648
486656
3204447168
486644
3204447172
3204447172
3204447168
479364
483084
486644
486660
486644
486652
486656
3204447180
486644
3204447184
3204447184
3204447180
479364
483084
486648
486644
486648
486660
486656
3204447192
486648
3204447196
3204447196
3204447192
479364
483084
486648
486652
486648
486660
486656
3204447204
486648
3204447208
3204447208
3204447204
479364
483084
486648
486660
486648
486644
486656
3204447216
486648
3204447220
3204447220
3204447216
479364
483084
486648
486660
486648
486652
486656
3204447228
486648
3204447232
3204447232
3204447228
479364
483084
486652
486644
486652
486660
486656
3204447240
486652
3204447244
3204447244
3204447240
479364
483084
486652
486648
486652
486660
486656
3204447252
486652
3204447256
3204447256
3204447252
479364
483084
486652
486660
486652
486644
486656
3204447264
486652
3204447268
3204447268
3204447264
479364
483084
486652
486660
486652
486648
486656
3204447276
486652
3204447280
3204447280
3204447276
479364
483084
486660
486644
486660
486648
486656
3204447288
486660
3204447292
3204447292
3204447288
479364
483084
486660
486644
486660
486652
486656
3204447300
486660
3204447304
3204447304
3204447300
479364
483084
486660
486648
486660
486644
486656
3204447312
486660
3204447316
3204447316
3204447312
479364
483084
486660
486648
486660
486652
486656
3204447324
486660
3204447328
3204447328
3204447324
479364
483084
486660
486652
486660
486644
486656
3204447336
486660
3204447340
3204447340
3204447336
479364
483084
486660
486652
486660
486648
486656
3204447348
486660
3204447352
3204447352
3204447348
479364
483084
486644
486648
486644
486652
486660
3204447360
486644
3204447364
3204447364
3204447360
479364
483084
486644
486648
486644
486656
486660
3204447372
486644
3204447376
3204447376
3204447372
479364
483084
486644
486652
486644
486648
486660
3204447384
486644
3204447388
3204447388
3204447384
479364
483084
486644
486652
486644
486656
486660
3204447396
486644
3204447400
3204447400
3204447396
479364
483084
486644
486656
486644
486648
486660
3204447408
486644
3204447412
3204447412
3204447408
479364
483084
486644
486656
486644
486652
486660
3204447420
486644
3204447424
3204447424
3204447420
479364
483084
486648
486644
486648
486652
486660
3204447432
486648
3204447436
3204447436
3204447432
479364
483084
486648
486644
486648
486656
486660
3204447444
486648
3204447448
3204447448
3204447444
479364
483084
486648
486652
486648
486644
486660
3204447456
486648
3204447460
3204447460
3204447456
479364
483084
486648
486652
486648
486656
486660
3204447468
486648
3204447472
3204447472
3204447468
479364
483084
486648
486656
486648
486644
486660
3204447480
486648
3204447484
3204447484
3204447480
479364
483084
486648
486656
486648
486652
486660
3204447492
486648
3204447496
3204447496
3204447492
479364
483084
486652
486644
486652
486648
486660
3204447504
486652
3204447508
3204447508
3204447504
479364
483084
486652
486644
486652
486656
486660
3204447516
486652
3204447520
3204447520
3204447516
479364
483084
486652
486648
486652
486644
486660
3204447528
486652
3204447532
3204447532
3204447528
479364
483084
486652
486648
486652
486656
486660
3204447540
486652
3204447544
3204447544
3204447540
479364
483084
486652
486656
486652
486644
486660
3204447552
486652
3204447556
3204447556
3204447552
479364
483084
486652
486656
486652
486648
486660
3204447564
486652
3204447568
3204447568
3204447564
479364
483084
486656
486644
486656
486648
486660
3204447576
486656
3204447580
3204447580
3204447576
479364
483084
486656
486644
486656
486652
486660
3204447588
486656
3204447592
3204447592
3204447588
479364
483084
486656
486648
486656
486644
486660
3204447600
486656
3204447604
3204447604
3204447600
479364
483084
486656
486648
486656
486652
486660
3204447612
486656
3204447616
3204447616
3204447612
479364
483084
486656
486652
486656
486644
486660
3204447624
486656
3204447628
3204447628
3204447624
479364
483084
486656
486652
486656
486648
486660
3204447636
486656
3204447640
3204447640
3204447636
3204446132
3204446132
3204446132
3204447652
