36320
36322
36324
36326
35272
35274
35276
35278
35280
35282
35284
35286
35288
35290
35292
35294
35296
35298
35300
35302
35304
35506
35508
35510
35512
35514
35516
35520
35524
35526
35528
35530
35532
35534
35536
35538
35542
35546
35548
35550
35552
35556
35560
35562
35564
35566
35568
35570
35572
35576
35580
35582
35584
35586
35588
35592
35596
35598
35600
35602
35606
35610
35614
35616
35618
35620
35624
35628
35632
35634
35638
35642
35644
35646
35648
35650
35652
35656
35660
35662
35664
35666
35668
35672
35676
35678
35680
35682
35684
35688
35692
35694
35696
35698
35700
35702
35704
35706
35710
35714
35716
35718
35722
35726
35730
35732
35734
35736
35740
35744
35748
35750
35752
35754
35758
35762
35764
35766
35768
35770
35772
35774
35778
35782
35784
35786
35788
35790
35794
35798
35800
35802
35804
35808
35812
35814
35816
35818
35820
35822
35826
35830
35832
35834
35836
35840
35842
35844
35848
35852
35854
35856
35860
35864
35868
35942
35944
35946
35948
35950
35952
35954
35956
35960
35964
35966
35968
35970
35972
35974
35976
35978
35986
35990
35994
35996
35998
36000
36004
36008
36012
36016
35980
35982
35984
35986
35990
35994
35996
35998
36000
36004
36008
36012
36016
36018
36020
36022
36024
36032
36036
36040
36042
36044
36046
36050
36054
36058
36062
36026
36028
36030
36032
36036
36040
36042
36044
36046
36050
36054
36058
36062
36026
36028
36030
36032
36036
36040
36042
36044
36046
36050
36054
36058
36062
36026
36028
36030
36032
36036
36040
36042
36044
36046
36050
36054
36058
36062
36026
36028
36030
36032
36036
36040
36042
36044
36046
36050
36054
36058
36062
36026
36028
36030
36032
36036
36040
36042
36044
36046
36050
36054
36058
36062
36026
36028
36030
36032
36036
36040
36042
36044
36046
36050
36054
36058
36062
36026
36028
36030
36032
36036
36040
36042
36044
36046
36050
36054
36058
36062
36026
36028
36030
36032
36036
36040
36042
36044
36046
36050
36054
36058
36062
36026
36028
36030
36032
36036
36040
36042
36044
36046
36050
36054
36058
36062
36026
36028
36030
36032
36036
36040
36042
36044
36046
36050
36054
36058
36062
36026
36028
36030
36032
36036
36040
36042
36044
36046
36050
36054
36058
36062
36026
36028
36030
36032
36036
36040
36042
36044
36046
36050
36054
36058
36062
36026
36028
36030
36032
36036
36040
36042
36044
36046
36050
36054
36058
36062
36026
36028
36030
36032
36036
36040
36042
36044
36046
36050
36054
36058
36062
36026
36028
36030
36032
36036
36040
36042
36044
36046
36050
36054
36058
36062
36026
36028
36030
36032
36036
36040
36042
36044
36046
36050
36054
36058
36062
36064
36066
36068
36070
36072
36074
36076
36078
36082
36086
36088
36090
36092
36094
36098
36102
36104
36106
36108
36112
36116
36118
36120
36122
36124
36126
36128
36130
36132
36134
36136
36138
36140
36142
36144
36146
36148
36150
36222
36224
36228
36232
36234
36238
36240
36242
36244
36248
36252
36256
36258
36260
36262
36308
35296
35298
35300
35302
35304
35306
35308
35310
35312
35448
35450
35452
35454
35314
35318
35322
35324
35326
35328
35330
35332
35334
35336
35338
35414
35416
35418
35420
35340
35344
35348
35350
35352
35354
35358
35362
35366
35370
35372
35422
35424
35426
35430
35434
35436
35438
35440
35442
35444
35446
35448
35450
35452
35454
35456
35458
35460
35464
35466
35468
35470
35474
35478
35482
35484
35486
35488
35490
35494
35498
35502
35504
36308
35296
35298
35300
35302
35304
35506
35508
35510
35512
35514
35516
35520
35524
35526
35528
35530
35532
35534
35536
35538
35542
35546
35548
35550
35552
35556
35560
35562
35564
35566
35568
35570
35572
35576
35580
35582
35584
35586
35588
35592
35596
35598
35600
35602
35606
35610
35614
35616
35618
35620
35624
35628
35632
35702
35704
35706
35710
35714
35716
35718
35722
35726
35730
35732
35734
35736
35740
35744
35748
35750
35752
35754
35758
35762
35764
35766
35768
35770
35772
35774
35778
35782
35784
35786
35788
35790
35794
35798
35800
35802
35804
35808
35812
35814
35816
35818
35820
35822
35826
35830
35832
35834
35836
35840
35842
35844
35848
35852
35854
35856
35860
35864
35868
35942
35944
35946
35948
35950
35952
35954
35956
35960
35964
35966
35968
35970
35972
35974
35976
35978
35986
35990
35994
35996
35998
36000
36004
36008
36012
36016
36018
36020
36022
36024
36032
36036
36040
36042
36044
36046
36050
36054
36058
36062
36026
36028
36030
36032
36036
36040
36042
36044
36046
36050
36054
36058
36062
36026
36028
36030
36032
36036
36040
36042
36044
36046
36050
36054
36058
36062
36026
36028
36030
36032
36036
36040
36042
36044
36046
36050
36054
36058
36062
36026
36028
36030
36032
36036
36040
36042
36044
36046
36050
36054
36058
36062
36026
36028
36030
36032
36036
36040
36042
36044
36046
36050
36054
36058
36062
36026
36028
36030
36032
36036
36040
36042
36044
36046
36050
36054
36058
36062
36026
36028
36030
36032
36036
36040
36042
36044
36046
36050
36054
36058
36062
36026
36028
36030
36032
36036
36040
36042
36044
36046
36050
36054
36058
36062
36026
36028
36030
36032
36036
36040
36042
36044
36046
36050
36054
36058
36062
36026
36028
36030
36032
36036
36040
36042
36044
36046
36050
36054
36058
36062
36026
36028
36030
36032
36036
36040
36042
36044
36046
36050
36054
36058
36062
36026
36028
36030
36032
36036
36040
36042
36044
36046
36050
36054
36058
36062
36026
36028
36030
36032
36036
36040
36042
36044
36046
36050
36054
36058
36062
36026
36028
36030
36032
36036
36040
36042
36044
36046
36050
36054
36058
36062
36064
36066
36068
36070
36072
36074
36076
36078
36082
36086
36088
36090
36092
36094
36098
36102
36104
36106
36108
36112
36116
36118
36120
36122
36124
36126
36128
36130
36132
36134
36136
36138
36140
36142
36144
36146
36148
36150
36222
36224
36228
36232
36234
36238
36240
36242
36244
36248
36252
36256
36258
36260
36262
36308
35296
35298
35300
35302
35304
35306
35308
35310
35312
35448
35450
35452
35454
35456
35458
35460
35464
35466
35468
35470
35474
35478
35482
35484
35486
35488
35490
35494
35498
35502
35504
36308
35296
35298
35300
35302
35304
35506
35508
35510
35512
35514
35516
35520
35524
35526
35528
35530
35532
35534
35536
35538
35542
35546
35548
35550
35552
35556
35560
35562
35564
35566
35568
35570
35572
35576
35580
35582
35584
35586
35588
35592
35596
35598
35600
35602
35606
35610
35614
35616
35618
35620
35624
35628
35632
35634
35638
35642
35644
35646
35648
35650
35652
35656
35660
35662
35664
35666
35668
35672
35676
35678
35680
35682
35684
35688
35692
35694
35696
35698
35700
35702
35704
35706
35710
35714
35716
35718
35722
35726
35730
35732
35734
35736
35740
35744
35748
35822
35826
35830
35832
35834
35836
35840
35842
35844
35848
35852
35854
35856
35860
35864
35868
35870
35874
35878
35880
35882
35884
35886
35888
35890
35892
35896
35900
35902
35904
35906
35910
35914
35916
35918
35920
35922
35924
35926
35930
35934
35936
35938
35940
35942
35944
35946
35948
35950
35952
35954
35956
35960
35964
35966
35968
35970
35972
35974
35976
35978
35986
35990
35994
35996
35998
36000
36004
36008
36012
36016
35980
35982
35984
35986
35990
35994
35996
35998
36000
36004
36008
36012
36016
35980
35982
35984
35986
35990
35994
35996
35998
36000
36004
36008
36012
36016
35980
35982
35984
35986
35990
35994
35996
35998
36000
36004
36008
36012
36016
35980
35982
35984
35986
35990
35994
35996
35998
36000
36004
36008
36012
36016
35980
35982
35984
35986
35990
35994
35996
35998
36000
36004
36008
36012
36016
35980
35982
35984
35986
35990
35994
35996
35998
36000
36004
36008
36012
36016
35980
35982
35984
35986
35990
35994
35996
35998
36000
36004
36008
36012
36016
35980
35982
35984
35986
35990
35994
35996
35998
36000
36004
36008
36012
36016
35980
35982
35984
35986
35990
35994
35996
35998
36000
36004
36008
36012
36016
35980
35982
35984
35986
35990
35994
35996
35998
36000
36004
36008
36012
36016
35980
35982
35984
35986
35990
35994
35996
35998
36000
36004
36008
36012
36016
35980
35982
35984
35986
35990
35994
35996
35998
36000
36004
36008
36012
36016
36018
36020
36022
36024
36032
36036
36040
36042
36044
36046
36050
36054
36058
36062
36064
36066
36068
36070
36072
36074
36076
36078
36082
36086
36088
36090
36092
36094
36098
36102
36104
36106
36108
36112
36116
36118
36120
36122
36124
36126
36128
36130
36132
36134
36136
36138
36140
36142
36144
36146
36148
36264
36266
36268
36270
36274
36278
36280
36284
36286
36288
36290
36294
36298
36302
36304
36306
35296
35298
35300
35302
35304
35306
35308
35310
35312
35448
35450
35452
35454
35456
35458
35460
35464
35466
35468
35470
35474
35478
35482
35484
35486
35488
35490
35494
35498
35502
35504
36308
35296
35298
35300
35302
35304
35506
35508
35510
35512
35514
35516
35520
35524
35526
35528
35530
35532
35534
35536
35538
35542
35546
35548
35550
35552
35556
35560
35562
35564
35566
35568
35570
35572
35576
35580
35582
35584
35586
35588
35592
35596
35598
35600
35602
35606
35610
35614
35616
35618
35620
35624
35628
35632
35634
35638
35642
35644
35646
35648
35650
35652
35656
35660
35662
35664
35666
35668
35672
35676
35678
35680
35682
35684
35688
35692
35694
35696
35698
35700
35702
35704
35706
35710
35714
35716
35718
35722
35726
35730
35732
35734
35736
35740
35744
35748
35822
35826
35830
35832
35834
35836
35840
35842
35844
35848
35852
35854
35856
35860
35864
35868
35942
35944
35946
35948
35950
35952
35954
35956
35960
35964
35966
35968
35970
35972
35974
35976
35978
35986
35990
35994
35996
35998
36000
36004
36008
36012
36016
35980
35982
35984
35986
35990
35994
35996
35998
36000
36004
36008
36012
36016
35980
35982
35984
35986
35990
35994
35996
35998
36000
36004
36008
36012
36016
35980
35982
35984
35986
35990
35994
35996
35998
36000
36004
36008
36012
36016
36018
36020
36022
36024
36032
36036
36040
36042
36044
36046
36050
36054
36058
36062
36064
36066
36068
36070
36152
36156
36160
36162
36164
36166
36168
36170
36174
36178
36180
36182
36184
36186
36190
36194
36196
36198
36200
36202
36206
36210
36212
36214
36216
36218
36220
35972
35974
35976
35978
35986
35990
35994
35996
35998
36000
36004
36008
36012
36016
35980
35982
35984
35986
35990
35994
35996
35998
36000
36004
36008
36012
36016
36018
36020
36022
36024
36032
36036
36040
36042
36044
36046
36050
36054
36058
36062
36064
36066
36068
36070
36152
36156
36160
36162
36164
36166
36168
36170
36174
36178
36180
36182
36184
36186
36190
36194
36196
36198
36200
36202
36206
36210
36212
36214
36216
36218
36220
35972
35974
35976
35978
35986
35990
35994
35996
35998
36000
36004
36008
36012
36016
35980
35982
35984
35986
35990
35994
35996
35998
36000
36004
36008
36012
36016
35980
35982
35984
35986
35990
35994
35996
35998
36000
36004
36008
36012
36016
36018
36020
36022
36024
36032
36036
36040
36042
36044
36046
36050
36054
36058
36062
36064
36066
36068
36070
36072
36074
36076
36078
36082
36086
36088
36090
36092
36094
36098
36102
36104
36106
36108
36112
36116
36118
36120
36122
36124
36126
36128
36130
36132
36134
36136
36138
36140
36142
36144
36146
36148
36264
36266
36268
36270
36274
36278
36280
36284
36286
36288
36290
36294
36298
36302
36304
36306
35296
35298
35300
35302
35304
35306
35308
35310
35312
35448
35450
35452
35454
35314
35318
35322
35324
35326
35328
35330
35332
35334
35336
35338
35414
35416
35418
35420
35340
35344
35348
35350
35352
35354
35358
35362
35366
35370
35372
35422
35424
35426
35430
35434
35436
35438
35440
35442
35444
35446
35448
35450
35452
35454
35314
35318
35322
35324
35326
35328
35330
35332
35334
35336
35338
35414
35416
35418
35420
35340
35344
35348
35350
35352
35354
35358
35362
35366
35370
35374
35376
35378
35382
35386
35388
35390
35392
35394
35398
35402
35404
35406
35408
35410
35412
35414
35416
35418
35420
35340
35344
35348
35350
35352
35354
35358
35362
35366
35370
35374
35376
35378
35382
35386
35388
35390
35392
35394
35398
35402
35404
35406
35408
35410
35412
35414
35416
35418
35420
35422
35424
35426
35430
35434
35436
35438
35440
35442
35444
35446
35448
35450
35452
35454
35456
35458
35460
35464
35466
35468
35470
35474
35478
35482
35484
35486
35488
35490
35494
35498
35502
35504
36308
35296
35298
35300
35302
35304
35506
35508
35510
35512
35514
35516
35520
35524
35526
35528
35530
35532
35534
35536
35538
35542
35546
35548
35550
35552
35556
35560
35562
35564
35566
35568
35570
35572
35576
35580
35582
35584
35586
35588
35592
35596
35598
35600
35602
35606
35610
35614
35616
35618
35620
35624
35628
35632
35634
35638
35642
35644
35646
35648
35650
35652
35656
35660
35662
35664
35666
35668
35672
35676
35678
35680
35682
35684
35688
35692
35694
35696
35698
35700
35702
35704
35706
35710
35714
35716
35718
35722
35726
35730
35732
35734
35736
35740
35744
35748
35822
35826
35830
35832
35834
35836
35840
35842
35844
35848
35852
35854
35856
35860
35864
35868
35870
35874
35878
35880
35882
35884
35886
35888
35890
35892
35896
35900
35902
35904
35906
35910
35914
35916
35918
35920
35922
35924
35926
35930
35934
35936
35938
35940
35942
35944
35946
35948
35950
35952
35954
35956
35960
35964
35966
35968
35970
35972
35974
35976
35978
35986
35990
35994
35996
35998
36000
36004
36008
36012
36016
35980
35982
35984
35986
35990
35994
35996
35998
36000
36004
36008
36012
36016
36018
36020
36022
36024
36032
36036
36040
36042
36044
36046
36050
36054
36058
36062
36064
36066
36068
36070
36152
36156
36160
36162
36164
36166
36168
36170
36174
36178
36180
36182
36184
36186
36190
36194
36196
36198
36200
36202
36206
36210
36212
36214
36216
36218
36220
35972
35974
35976
35978
35986
35990
35994
35996
35998
36000
36004
36008
36012
36016
35980
35982
35984
35986
35990
35994
35996
35998
36000
36004
36008
36012
36016
35980
35982
35984
35986
35990
35994
35996
35998
36000
36004
36008
36012
36016
36018
36020
36022
36024
36032
36036
36040
36042
36044
36046
36050
36054
36058
36062
36026
36028
36030
36032
36036
36040
36042
36044
36046
36050
36054
36058
36062
36064
36066
36068
36070
36072
36074
36076
36078
36082
36086
36088
36090
36092
36094
36098
36102
36104
36106
36108
36112
36116
36118
36120
36122
36124
36126
36128
36130
36132
36134
36136
36138
36140
36142
36144
36146
36148
36264
36266
36268
36270
36274
36278
36280
36284
36286
36288
36290
36294
36298
36302
36304
36306
35296
35298
35300
35302
35304
35306
35308
35310
35312
35448
35450
35452
35454
35314
35318
35322
35324
35326
35328
35330
35332
35334
35336
35338
35414
35416
35418
35420
35340
35344
35348
35350
35352
35354
35358
35362
35366
35370
35372
35422
35424
35426
35430
35434
35436
35438
35440
35442
35444
35446
35448
35450
35452
35454
35314
35318
35322
35324
35326
35328
35330
35332
35334
35336
35338
35414
35416
35418
35420
35340
35344
35348
35350
35352
35354
35358
35362
35366
35370
35372
35422
35424
35426
35430
35434
35436
35438
35440
35442
35444
35446
35448
35450
35452
35454
35456
35458
35460
35464
35466
35468
35470
35474
35478
35482
35484
35486
35488
35490
35494
35498
35502
35504
36308
35296
35298
35300
35302
35304
35306
35308
35310
35312
35448
35450
35452
35454
35314
35318
35322
35324
35326
35328
35330
35332
35334
35336
35338
35414
35416
35418
35420
35340
35344
35348
35350
35352
35354
35358
35362
35366
35370
35372
35422
35424
35426
35430
35434
35436
35438
35440
35442
35444
35446
35448
35450
35452
35454
35314
35318
35322
35324
35326
35328
35330
35332
35334
35336
35338
35414
35416
35418
35420
35340
35344
35348
35350
35352
35354
35358
35362
35366
35370
35372
35422
35424
35426
35430
35434
35436
35438
35440
35442
35444
35446
35448
35450
35452
35454
35314
35318
35322
35324
35326
35328
35330
35332
35334
35336
35338
35414
35416
35418
35420
35340
35344
35348
35350
35352
35354
35358
35362
35366
35370
35374
35376
35378
35382
35386
35388
35390
35392
35394
35398
35402
35404
35406
35408
35410
35412
35414
35416
35418
35420
35340
35344
35348
35350
35352
35354
35358
35362
35366
35370
35372
35422
35424
35426
35430
35434
35436
35438
35440
35442
35444
35446
35448
35450
35452
35454
35314
35318
35322
35324
35326
35328
35330
35332
35334
35336
35338
35414
35416
35418
35420
35340
35344
35348
35350
35352
35354
35358
35362
35366
35370
35374
35376
35378
35382
35386
35388
35390
35392
35394
35398
35402
35404
35406
35408
35410
35412
35414
35416
35418
35420
35340
35344
35348
35350
35352
35354
35358
35362
35366
35370
35372
35422
35424
35426
35430
35434
35436
35438
35440
35442
35444
35446
35448
35450
35452
35454
35456
35458
35460
35462
36310
36312
36314
36318
36330
36332
