35568
35570
35572
35576
35580
35584
35588
35592
35596
35600
35604
35608
35612
35616
35620
35624
35628
35632
35636
35640
35800
35802
35804
35806
35810
35814
35818
35822
35826
35834
35838
35842
35846
35850
35854
35858
35862
35866
35870
35874
35878
35882
35886
35890
35894
35898
35902
35906
35910
35914
35918
35922
35926
35930
35272
35274
35276
35278
35282
35286
35290
35294
35296
35300
35304
35318
35322
35326
35330
35332
35334
35338
35934
35938
35942
35340
35342
35344
35346
35350
35354
35358
35362
35366
35368
35372
35376
35378
35380
35384
35388
35392
35408
35410
35412
35534
35536
35538
35414
35416
35418
35420
35424
35428
35432
35436
35440
35444
35448
35452
35456
35460
35464
35468
35472
35476
35480
35484
35488
35492
35496
35500
35272
35274
35276
35278
35282
35286
35290
35294
35306
35310
35314
35318
35322
35326
35330
35332
35334
35338
35504
35508
35512
35516
35520
35522
35528
35530
35532
35534
35536
35538
35414
35416
35418
35420
35424
35428
35432
35436
35440
35444
35448
35452
35456
35460
35464
35468
35472
35476
35480
35484
35488
35492
35496
35500
35272
35274
35276
35278
35282
35286
35290
35294
35306
35310
35314
35318
35322
35326
35330
35332
35334
35338
35504
35508
35512
35516
35520
35522
35528
35530
35532
35534
35536
35538
35414
35416
35418
35420
35424
35428
35432
35436
35440
35444
35448
35452
35456
35460
35464
35468
35472
35476
35480
35484
35488
35492
35496
35500
35272
35274
35276
35278
35282
35286
35290
35294
35306
35310
35314
35318
35322
35326
35330
35332
35334
35338
35504
35508
35512
35516
35520
35522
35528
35530
35532
35534
35536
35538
35414
35416
35418
35420
35424
35428
35432
35436
35440
35444
35448
35452
35456
35460
35464
35468
35472
35476
35480
35484
35488
35492
35496
35500
35272
35274
35276
35278
35282
35286
35290
35294
35306
35310
35314
35318
35322
35326
35330
35332
35334
35338
35504
35508
35512
35516
35520
35522
35528
35530
35532
35534
35536
35538
35414
35416
35418
35420
35424
35428
35432
35436
35440
35444
35448
35452
35456
35460
35464
35468
35472
35476
35480
35484
35488
35492
35496
35500
35272
35274
35276
35278
35282
35286
35290
35294
35306
35310
35314
35318
35322
35326
35330
35332
35334
35338
35504
35508
35512
35516
35520
35522
35528
35530
35532
35534
35536
35538
35414
35416
35418
35420
35424
35428
35432
35436
35440
35444
35448
35452
35456
35460
35464
35468
35472
35476
35480
35484
35488
35492
35496
35500
35272
35274
35276
35278
35282
35286
35290
35294
35306
35310
35314
35318
35322
35326
35330
35332
35334
35338
35504
35508
35512
35516
35520
35522
35528
35530
35532
35534
35536
35538
35414
35416
35418
35420
35424
35428
35432
35436
35440
35444
35448
35452
35456
35460
35464
35468
35472
35476
35480
35484
35488
35492
35496
35500
35272
35274
35276
35278
35282
35286
35290
35294
35306
35310
35314
35318
35322
35326
35330
35332
35334
35338
35504
35508
35512
35516
35520
35524
35526
35528
35530
35532
35534
35536
35538
35414
35416
35418
35528
35530
35532
35534
35536
35538
35414
35416
35418
35528
35530
35532
35534
35536
35538
35414
35416
35418
35528
35530
35532
35534
35536
35538
35414
35416
35418
35528
35530
35532
35534
35536
35538
35414
35416
35418
35528
35530
35532
35534
35536
35538
35414
35416
35418
35528
35530
35532
35534
35536
35538
35414
35416
35418
35528
35530
35532
35534
35536
35538
35414
35416
35418
35528
35530
35532
35534
35536
35538
35414
35416
35418
35528
35530
35532
35534
35536
35538
35414
35416
35418
35528
35530
35532
35534
35536
35538
35414
35416
35418
35528
35530
35532
35534
35536
35538
35414
35416
35418
35528
35530
35532
35534
35536
35538
35540
35544
35548
35552
35554
35556
35946
35950
35954
35958
35962
35964
35968
35972
35974
35976
35980
35984
35988
35992
35996
36000
36004
36008
36012
36016
36020
36024
36028
36032
36036
36040
36044
36048
36052
36056
36060
36064
36068
36072
36076
36080
36084
36088
36092
36096
36100
36102
36362
36364
36366
36368
35644
35648
35652
35656
35660
35664
35668
35672
35676
35680
35684
35688
35692
35696
35700
35704
35708
35712
35800
35802
35804
35806
35810
35814
35818
35822
35826
35834
35838
35842
35846
35850
35854
35858
35862
35866
35870
35874
35878
35882
35886
35890
35894
35898
35902
35906
35910
35914
35918
35922
35926
35930
35272
35274
35276
35278
35282
35286
35290
35294
35296
35300
35304
35318
35322
35326
35330
35332
35334
35338
35934
35938
35942
35340
35342
35344
35346
35350
35354
35358
35362
35366
35368
35372
35376
35378
35380
35384
35388
35392
35394
35398
35402
35406
35540
35544
35548
35552
35554
35556
35946
35950
35954
35958
35962
36104
36108
36112
36116
36118
36122
36126
36128
36130
36134
36138
36142
36146
36150
36154
36158
36162
36166
36170
36174
36178
36182
36186
36190
36194
36198
36202
36206
36210
36214
36218
36222
36226
36230
36232
36362
36364
36366
36368
35716
35720
35724
35728
35732
35736
35740
35744
35748
35752
35756
35760
35764
35768
35772
35776
35780
35784
35788
35800
35802
35804
35806
35810
35814
35818
35822
35826
35834
35838
35842
35846
35850
35854
35858
35862
35866
35870
35874
35878
35882
35886
35890
35894
35898
35902
35906
35910
35914
35918
35922
35926
35930
35272
35274
35276
35278
35282
35286
35290
35294
35306
35310
35314
35318
35322
35326
35330
35332
35334
35338
35934
35938
35942
35340
35342
35344
35346
35350
35354
35358
35362
35366
35368
35372
35376
35378
35380
35384
35388
35392
35408
35410
35412
35534
35536
35538
35414
35416
35418
35420
35424
35428
35432
35436
35440
35444
35448
35452
35456
35460
35464
35468
35472
35476
35480
35484
35488
35492
35496
35500
35272
35274
35276
35278
35282
35286
35290
35294
35306
35310
35314
35318
35322
35326
35330
35332
35334
35338
35504
35508
35512
35516
35520
35522
35528
35530
35532
35534
35536
35538
35414
35416
35418
35420
35424
35428
35432
35436
35440
35444
35448
35452
35456
35460
35464
35468
35472
35476
35480
35484
35488
35492
35496
35500
35272
35274
35276
35278
35282
35286
35290
35294
35306
35310
35314
35318
35322
35326
35330
35332
35334
35338
35504
35508
35512
35516
35520
35522
35528
35530
35532
35534
35536
35538
35414
35416
35418
35420
35424
35428
35432
35436
35440
35444
35448
35452
35456
35460
35464
35468
35472
35476
35480
35484
35488
35492
35496
35500
35272
35274
35276
35278
35282
35286
35290
35294
35306
35310
35314
35318
35322
35326
35330
35332
35334
35338
35504
35508
35512
35516
35520
35522
35528
35530
35532
35534
35536
35538
35414
35416
35418
35420
35424
35428
35432
35436
35440
35444
35448
35452
35456
35460
35464
35468
35472
35476
35480
35484
35488
35492
35496
35500
35272
35274
35276
35278
35282
35286
35290
35294
35306
35310
35314
35318
35322
35326
35330
35332
35334
35338
35504
35508
35512
35516
35520
35522
35528
35530
35532
35534
35536
35538
35414
35416
35418
35420
35424
35428
35432
35436
35440
35444
35448
35452
35456
35460
35464
35468
35472
35476
35480
35484
35488
35492
35496
35500
35272
35274
35276
35278
35282
35286
35290
35294
35306
35310
35314
35318
35322
35326
35330
35332
35334
35338
35504
35508
35512
35516
35520
35524
35526
35528
35530
35532
35534
35536
35538
35414
35416
35418
35528
35530
35532
35534
35536
35538
35414
35416
35418
35528
35530
35532
35534
35536
35538
35414
35416
35418
35528
35530
35532
35534
35536
35538
35414
35416
35418
35528
35530
35532
35534
35536
35538
35414
35416
35418
35528
35530
35532
35534
35536
35538
35414
35416
35418
35528
35530
35532
35534
35536
35538
35414
35416
35418
35528
35530
35532
35534
35536
35538
35414
35416
35418
35528
35530
35532
35534
35536
35538
35414
35416
35418
35528
35530
35532
35534
35536
35538
35414
35416
35418
35528
35530
35532
35534
35536
35538
35414
35416
35418
35528
35530
35532
35534
35536
35538
35414
35416
35418
35528
35530
35532
35534
35536
35538
35414
35416
35418
35528
35530
35532
35534
35536
35538
35414
35416
35418
35528
35530
35532
35534
35536
35538
35540
35544
35548
35552
35554
35556
35946
35950
35954
35958
35962
36104
36108
36112
36116
36234
36238
36242
36246
36248
36252
36256
36260
36264
36268
36272
36276
36280
36284
36288
36292
36296
36300
36304
36308
36312
36316
36320
36324
36328
36332
36336
36340
36344
36348
36352
36356
36360
36362
36364
36366
36368
35792
35794
35796
