3204447648
3204447652
453864
453872
453880
3204447640
3204447644
453864
453872
453872
453864
453880
3204447616
453864
3204447624
3204447616
3204447612
3204447592
3204447592
3204447592
3204447600
3204447600
3204447612
3204447608
3204447612
3204447560
3204447560
3204447576
35560
3204447584
3204447572
3204447560
3204447568
3204447568
3204447572
3204447576
3204447576
3204447560
3204447576
3204447592
3204447576
3204447592
3204447576
3204447576
3204447576
3204447560
3204447600
3204447600
3204447556
3204447536
3204447536
3204447536
3204447544
3204447544
3204447556
3204447584
3204447568
3204447568
3204447568
3204447572
3204447576
3204447576
3204447560
3204447576
3204447592
3204447576
3204447592
3204447576
3204447576
3204447576
3204447560
3204447600
3204447600
3204447556
3204447536
3204447536
3204447536
3204447544
3204447544
3204447556
3204447584
3204447568
3204447568
3204447568
3204447572
3204447576
3204447576
3204447560
3204447576
3204447592
3204447576
3204447592
3204447576
3204447576
3204447576
3204447560
3204447600
3204447600
3204447556
3204447536
3204447536
3204447536
3204447544
3204447544
3204447556
3204447584
3204447568
3204447568
3204447568
3204447572
3204447576
3204447576
3204447560
3204447576
3204447592
3204447576
3204447592
3204447576
3204447576
3204447576
3204447560
3204447600
3204447600
3204447556
3204447536
3204447536
3204447536
3204447544
3204447544
3204447556
3204447584
3204447568
3204447568
3204447568
3204447572
3204447576
3204447576
3204447560
3204447576
3204447592
3204447576
3204447592
3204447576
3204447576
3204447576
3204447560
3204447600
3204447600
3204447556
3204447536
3204447536
3204447536
3204447544
3204447544
3204447556
3204447584
3204447568
3204447568
3204447568
3204447572
3204447576
3204447576
3204447560
3204447576
3204447592
3204447576
3204447592
3204447576
3204447576
3204447576
3204447560
3204447600
3204447600
3204447556
3204447536
3204447536
3204447536
3204447544
3204447544
3204447556
3204447584
3204447568
3204447568
3204447568
3204447572
3204447576
3204447576
3204447560
3204447576
3204447592
3204447576
3204447592
3204447576
3204447576
3204447576
3204447560
3204447600
3204447600
3204447556
3204447536
3204447536
3204447536
3204447544
3204447544
3204447556
3204447584
3204447572
3204447568
3204447568
3204447568
3204447572
3204447568
3204447568
3204447568
3204447572
3204447568
3204447568
3204447568
3204447572
3204447568
3204447568
3204447568
3204447572
3204447568
3204447568
3204447568
3204447572
3204447568
3204447568
3204447568
3204447572
3204447568
3204447568
3204447568
3204447572
3204447568
3204447568
3204447568
3204447572
3204447568
3204447568
3204447568
3204447572
3204447568
3204447568
3204447568
3204447572
3204447568
3204447568
3204447568
3204447572
3204447568
3204447568
3204447568
3204447572
3204447568
3204447568
3204447568
3204447576
3204447608
3204447632
3204447616
453824
453872
3204447632
3204447624
453848
453856
453872
3204447632
3204447624
453832
453840
3204447640
453864
453872
453880
3204447640
3204447644
453864
453872
453872
453864
453880
3204447616
453864
3204447624
3204447616
3204447612
3204447592
3204447592
3204447592
3204447600
3204447600
3204447612
3204447608
3204447612
3204447560
3204447560
3204447576
35560
3204447584
3204447572
3204447560
3204447576
3204447576
3204447608
3204447632
3204447616
3204447616
453824
453872
3204447624
453848
453856
453848
453832
453840
3204447640
453864
453872
453880
3204447640
3204447644
453864
453872
453872
453864
453880
3204447616
453864
3204447624
3204447616
3204447612
3204447592
3204447592
3204447592
3204447600
3204447600
3204447612
3204447608
3204447612
3204447560
3204447560
3204447576
35560
3204447584
3204447572
3204447560
3204447568
3204447568
3204447572
3204447576
3204447576
3204447560
3204447576
3204447592
3204447576
3204447592
3204447576
3204447576
3204447576
3204447560
3204447600
3204447600
3204447556
3204447536
3204447536
3204447536
3204447544
3204447544
3204447556
3204447584
3204447568
3204447568
3204447568
3204447572
3204447576
3204447576
3204447560
3204447576
3204447592
3204447576
3204447592
3204447576
3204447576
3204447576
3204447560
3204447600
3204447600
3204447556
3204447536
3204447536
3204447536
3204447544
3204447544
3204447556
3204447584
3204447568
3204447568
3204447568
3204447572
3204447576
3204447576
3204447560
3204447576
3204447592
3204447576
3204447592
3204447576
3204447576
3204447576
3204447560
3204447600
3204447600
3204447556
3204447536
3204447536
3204447536
3204447544
3204447544
3204447556
3204447584
3204447568
3204447568
3204447568
3204447572
3204447576
3204447576
3204447560
3204447576
3204447592
3204447576
3204447592
3204447576
3204447576
3204447576
3204447560
3204447600
3204447600
3204447556
3204447536
3204447536
3204447536
3204447544
3204447544
3204447556
3204447584
3204447568
3204447568
3204447568
3204447572
3204447576
3204447576
3204447560
3204447576
3204447592
3204447576
3204447592
3204447576
3204447576
3204447576
3204447560
3204447600
3204447600
3204447556
3204447536
3204447536
3204447536
3204447544
3204447544
3204447556
3204447584
3204447572
3204447568
3204447568
3204447568
3204447572
3204447568
3204447568
3204447568
3204447572
3204447568
3204447568
3204447568
3204447572
3204447568
3204447568
3204447568
3204447572
3204447568
3204447568
3204447568
3204447572
3204447568
3204447568
3204447568
3204447572
3204447568
3204447568
3204447568
3204447572
3204447568
3204447568
3204447568
3204447572
3204447568
3204447568
3204447568
3204447572
3204447568
3204447568
3204447568
3204447572
3204447568
3204447568
3204447568
3204447572
3204447568
3204447568
3204447568
3204447572
3204447568
3204447568
3204447568
3204447572
3204447568
3204447568
3204447568
3204447572
3204447568
3204447568
3204447568
3204447576
3204447608
3204447632
3204447616
3204447616
453824
3204447632
3204447624
3204447632
453872
3204447624
453848
3204447632
453856
453848
453832
3204447632
453840
3204447640
3204447648
