3204447648
3204447652
3204447628
3204447632
3204447636
3204447620
3204447620
3204447620
3204447620
3204447604
3204447608
3204447612
3204447596
3204447596
3204447596
3204447596
3204447580
3204447584
3204447588
3204447572
3204447572
3204447572
3204447572
3204447556
3204447560
3204447564
3204447548
3204447548
3204447548
3204447548
3204447532
3204447536
3204447540
3204447524
3204447524
3204447524
3204447524
3204447508
3204447512
3204447516
3204447500
3204447500
3204447500
3204447500
3204447484
3204447488
3204447492
3204447476
3204447476
3204447476
3204447476
3204447460
3204447464
3204447468
3204447452
3204447452
3204447452
3204447452
3204447436
3204447440
3204447444
3204447428
3204447428
3204447428
3204447428
3204447412
3204447416
3204447420
3204447404
3204447404
3204447404
3204447412
3204447420
3204447428
3204447412
3204447416
3204447420
3204447404
3204447404
3204447412
3204447420
3204447436
3204447444
3204447452
3204447436
3204447440
3204447444
3204447428
3204447428
3204447428
3204447436
3204447444
3204447460
3204447468
3204447476
3204447460
3204447464
3204447468
3204447452
3204447452
3204447452
3204447452
3204447436
3204447440
3204447444
3204447428
3204447428
3204447428
3204447436
3204447444
3204447452
3204447436
3204447440
3204447444
3204447428
3204447428
3204447436
3204447444
3204447460
3204447468
3204447484
3204447492
3204447500
3204447484
3204447488
3204447492
3204447476
3204447476
3204447476
3204447476
3204447460
3204447464
3204447468
3204447452
3204447452
3204447452
3204447452
3204447436
3204447440
3204447444
3204447428
3204447428
3204447428
3204447436
3204447444
3204447452
3204447436
3204447440
3204447444
3204447428
3204447428
3204447436
3204447444
3204447460
3204447468
3204447476
3204447460
3204447464
3204447468
3204447452
3204447452
3204447452
3204447460
3204447468
3204447484
3204447492
3204447508
3204447516
3204447524
3204447508
3204447512
3204447516
3204447500
3204447500
3204447500
3204447500
3204447484
3204447488
3204447492
3204447476
3204447476
3204447476
3204447476
3204447460
3204447464
3204447468
3204447452
3204447452
3204447452
3204447452
3204447436
3204447440
3204447444
3204447428
3204447428
3204447428
3204447436
3204447444
3204447452
3204447436
3204447440
3204447444
3204447428
3204447428
3204447436
3204447444
3204447460
3204447468
3204447476
3204447460
3204447464
3204447468
3204447452
3204447452
3204447452
3204447460
3204447468
3204447484
3204447492
3204447500
3204447484
3204447488
3204447492
3204447476
3204447476
3204447476
3204447476
3204447460
3204447464
3204447468
3204447452
3204447452
3204447452
3204447460
3204447468
3204447476
3204447460
3204447464
3204447468
3204447452
3204447452
3204447460
3204447468
3204447484
3204447492
3204447508
3204447516
3204447532
3204447540
3204447548
3204447532
3204447536
3204447540
3204447524
3204447524
3204447524
3204447524
3204447508
3204447512
3204447516
3204447500
3204447500
3204447500
3204447500
3204447484
3204447488
3204447492
3204447476
3204447476
3204447476
3204447476
3204447460
3204447464
3204447468
3204447452
3204447452
3204447452
3204447452
3204447436
3204447440
3204447444
3204447428
3204447428
3204447428
3204447436
3204447444
3204447452
3204447436
3204447440
3204447444
3204447428
3204447428
3204447436
3204447444
3204447460
3204447468
3204447476
3204447460
3204447464
3204447468
3204447452
3204447452
3204447452
3204447460
3204447468
3204447484
3204447492
3204447500
3204447484
3204447488
3204447492
3204447476
3204447476
3204447476
3204447476
3204447460
3204447464
3204447468
3204447452
3204447452
3204447452
3204447460
3204447468
3204447476
3204447460
3204447464
3204447468
3204447452
3204447452
3204447460
3204447468
3204447484
3204447492
3204447508
3204447516
3204447524
3204447508
3204447512
3204447516
3204447500
3204447500
3204447500
3204447500
3204447484
3204447488
3204447492
3204447476
3204447476
3204447476
3204447476
3204447460
3204447464
3204447468
3204447452
3204447452
3204447452
3204447460
3204447468
3204447476
3204447460
3204447464
3204447468
3204447452
3204447452
3204447460
3204447468
3204447484
3204447492
3204447500
3204447484
3204447488
3204447492
3204447476
3204447476
3204447476
3204447484
3204447492
3204447508
3204447516
3204447532
3204447540
3204447556
3204447564
3204447572
3204447556
3204447560
3204447564
3204447548
3204447548
3204447548
3204447548
3204447532
3204447536
3204447540
3204447524
3204447524
3204447524
3204447524
3204447508
3204447512
3204447516
3204447500
3204447500
3204447500
3204447500
3204447484
3204447488
3204447492
3204447476
3204447476
3204447476
3204447476
3204447460
3204447464
3204447468
3204447452
3204447452
3204447452
3204447452
3204447436
3204447440
3204447444
3204447428
3204447428
3204447428
3204447436
3204447444
3204447452
3204447436
3204447440
3204447444
3204447428
3204447428
3204447436
3204447444
3204447460
3204447468
3204447476
3204447460
3204447464
3204447468
3204447452
3204447452
3204447452
3204447460
3204447468
3204447484
3204447492
3204447500
3204447484
3204447488
3204447492
3204447476
3204447476
3204447476
3204447476
3204447460
3204447464
3204447468
3204447452
3204447452
3204447452
3204447460
3204447468
3204447476
3204447460
3204447464
3204447468
3204447452
3204447452
3204447460
3204447468
3204447484
3204447492
3204447508
3204447516
3204447524
3204447508
3204447512
3204447516
3204447500
3204447500
3204447500
3204447500
3204447484
3204447488
3204447492
3204447476
3204447476
3204447476
3204447476
3204447460
3204447464
3204447468
3204447452
3204447452
3204447452
3204447460
3204447468
3204447476
3204447460
3204447464
3204447468
3204447452
3204447452
3204447460
3204447468
3204447484
3204447492
3204447500
3204447484
3204447488
3204447492
3204447476
3204447476
3204447476
3204447484
3204447492
3204447508
3204447516
3204447532
3204447540
3204447548
3204447532
3204447536
3204447540
3204447524
3204447524
3204447524
3204447524
3204447508
3204447512
3204447516
3204447500
3204447500
3204447500
3204447500
3204447484
3204447488
3204447492
3204447476
3204447476
3204447476
3204447476
3204447460
3204447464
3204447468
3204447452
3204447452
3204447452
3204447460
3204447468
3204447476
3204447460
3204447464
3204447468
3204447452
3204447452
3204447460
3204447468
3204447484
3204447492
3204447500
3204447484
3204447488
3204447492
3204447476
3204447476
3204447476
3204447484
3204447492
3204447508
3204447516
3204447524
3204447508
3204447512
3204447516
3204447500
3204447500
3204447500
3204447500
3204447484
3204447488
3204447492
3204447476
3204447476
3204447476
3204447484
3204447492
3204447500
3204447484
3204447488
3204447492
3204447476
3204447476
3204447484
3204447492
3204447508
3204447516
3204447532
3204447540
3204447556
3204447564
3204447580
3204447588
3204447596
3204447580
3204447584
3204447588
3204447572
3204447572
3204447572
3204447572
3204447556
3204447560
3204447564
3204447548
3204447548
3204447548
3204447548
3204447532
3204447536
3204447540
3204447524
3204447524
3204447524
3204447524
3204447508
3204447512
3204447516
3204447500
3204447500
3204447500
3204447500
3204447484
3204447488
3204447492
3204447476
3204447476
3204447476
3204447476
3204447460
3204447464
3204447468
3204447452
3204447452
3204447452
3204447452
3204447436
3204447440
3204447444
3204447428
3204447428
3204447428
3204447436
3204447444
3204447452
3204447436
3204447440
3204447444
3204447428
3204447428
3204447436
3204447444
3204447460
3204447468
3204447476
3204447460
3204447464
3204447468
3204447452
3204447452
3204447452
3204447460
3204447468
3204447484
3204447492
3204447500
3204447484
3204447488
3204447492
3204447476
3204447476
3204447476
3204447476
3204447460
3204447464
3204447468
3204447452
3204447452
3204447452
3204447460
3204447468
3204447476
3204447460
3204447464
3204447468
3204447452
3204447452
3204447460
3204447468
3204447484
3204447492
3204447508
3204447516
3204447524
3204447508
3204447512
3204447516
3204447500
3204447500
3204447500
3204447500
3204447484
3204447488
3204447492
3204447476
3204447476
3204447476
3204447476
3204447460
3204447464
3204447468
3204447452
3204447452
3204447452
3204447460
3204447468
3204447476
3204447460
3204447464
3204447468
3204447452
3204447452
3204447460
3204447468
3204447484
3204447492
3204447500
3204447484
3204447488
3204447492
3204447476
3204447476
3204447476
3204447484
3204447492
3204447508
3204447516
3204447532
3204447540
3204447548
3204447532
3204447536
3204447540
3204447524
3204447524
3204447524
3204447524
3204447508
3204447512
3204447516
3204447500
3204447500
3204447500
3204447500
3204447484
3204447488
3204447492
3204447476
3204447476
3204447476
3204447476
3204447460
3204447464
3204447468
3204447452
3204447452
3204447452
3204447460
3204447468
3204447476
3204447460
3204447464
3204447468
3204447452
3204447452
3204447460
3204447468
3204447484
3204447492
3204447500
3204447484
3204447488
3204447492
3204447476
3204447476
3204447476
3204447484
3204447492
3204447508
3204447516
3204447524
3204447508
3204447512
3204447516
3204447500
3204447500
3204447500
3204447500
3204447484
3204447488
3204447492
3204447476
3204447476
3204447476
3204447484
3204447492
3204447500
3204447484
3204447488
3204447492
3204447476
3204447476
3204447484
3204447492
3204447508
3204447516
3204447532
3204447540
3204447556
3204447564
3204447572
3204447556
3204447560
3204447564
3204447548
3204447548
3204447548
3204447548
3204447532
3204447536
3204447540
3204447524
3204447524
3204447524
3204447524
3204447508
3204447512
3204447516
3204447500
3204447500
3204447500
3204447500
3204447484
3204447488
3204447492
3204447476
3204447476
3204447476
3204447476
3204447460
3204447464
3204447468
3204447452
3204447452
3204447452
3204447460
3204447468
3204447476
3204447460
3204447464
3204447468
3204447452
3204447452
3204447460
3204447468
3204447484
3204447492
3204447500
3204447484
3204447488
3204447492
3204447476
3204447476
3204447476
3204447484
3204447492
3204447508
3204447516
3204447524
3204447508
3204447512
3204447516
3204447500
3204447500
3204447500
3204447500
3204447484
3204447488
3204447492
3204447476
3204447476
3204447476
3204447484
3204447492
3204447500
3204447484
3204447488
3204447492
3204447476
3204447476
3204447484
3204447492
3204447508
3204447516
3204447532
3204447540
3204447548
3204447532
3204447536
3204447540
3204447524
3204447524
3204447524
3204447524
3204447508
3204447512
3204447516
3204447500
3204447500
3204447500
3204447500
3204447484
3204447488
3204447492
3204447476
3204447476
3204447476
3204447484
3204447492
3204447500
3204447484
3204447488
3204447492
3204447476
3204447476
3204447484
3204447492
3204447508
3204447516
3204447524
3204447508
3204447512
3204447516
3204447500
3204447500
3204447500
3204447508
3204447516
3204447532
3204447540
3204447556
3204447564
3204447580
3204447588
3204447604
3204447612
3204447620
3204447604
3204447608
3204447612
3204447596
3204447596
3204447596
3204447596
3204447580
3204447584
3204447588
3204447572
3204447572
3204447572
3204447572
3204447556
3204447560
3204447564
3204447548
3204447548
3204447548
3204447548
3204447532
3204447536
3204447540
3204447524
3204447524
3204447524
3204447524
3204447508
3204447512
3204447516
3204447500
3204447500
3204447500
3204447500
3204447484
3204447488
3204447492
3204447476
3204447476
3204447476
3204447476
3204447460
3204447464
3204447468
3204447452
3204447452
3204447452
3204447452
3204447436
3204447440
3204447444
3204447428
3204447428
3204447428
3204447436
3204447444
3204447452
3204447436
3204447440
3204447444
3204447428
3204447428
3204447436
3204447444
3204447460
3204447468
3204447476
3204447460
3204447464
3204447468
3204447452
3204447452
3204447452
3204447460
3204447468
3204447484
3204447492
3204447500
3204447484
3204447488
3204447492
3204447476
3204447476
3204447476
3204447476
3204447460
3204447464
3204447468
3204447452
3204447452
3204447452
3204447460
3204447468
3204447476
3204447460
3204447464
3204447468
3204447452
3204447452
3204447460
3204447468
3204447484
3204447492
3204447508
3204447516
3204447524
3204447508
3204447512
3204447516
3204447500
3204447500
3204447500
3204447500
3204447484
3204447488
3204447492
3204447476
3204447476
3204447476
3204447476
3204447460
3204447464
3204447468
3204447452
3204447452
3204447452
3204447460
3204447468
3204447476
3204447460
3204447464
3204447468
3204447452
3204447452
3204447460
3204447468
3204447484
3204447492
3204447500
3204447484
3204447488
3204447492
3204447476
3204447476
3204447476
3204447484
3204447492
3204447508
3204447516
3204447532
3204447540
3204447548
3204447532
3204447536
3204447540
3204447524
3204447524
3204447524
3204447524
3204447508
3204447512
3204447516
3204447500
3204447500
3204447500
3204447500
3204447484
3204447488
3204447492
3204447476
3204447476
3204447476
3204447476
3204447460
3204447464
3204447468
3204447452
3204447452
3204447452
3204447460
3204447468
3204447476
3204447460
3204447464
3204447468
3204447452
3204447452
3204447460
3204447468
3204447484
3204447492
3204447500
3204447484
3204447488
3204447492
3204447476
3204447476
3204447476
3204447484
3204447492
3204447508
3204447516
3204447524
3204447508
3204447512
3204447516
3204447500
3204447500
3204447500
3204447500
3204447484
3204447488
3204447492
3204447476
3204447476
3204447476
3204447484
3204447492
3204447500
3204447484
3204447488
3204447492
3204447476
3204447476
3204447484
3204447492
3204447508
3204447516
3204447532
3204447540
3204447556
3204447564
3204447572
3204447556
3204447560
3204447564
3204447548
3204447548
3204447548
3204447548
3204447532
3204447536
3204447540
3204447524
3204447524
3204447524
3204447524
3204447508
3204447512
3204447516
3204447500
3204447500
3204447500
3204447500
3204447484
3204447488
3204447492
3204447476
3204447476
3204447476
3204447476
3204447460
3204447464
3204447468
3204447452
3204447452
3204447452
3204447460
3204447468
3204447476
3204447460
3204447464
3204447468
3204447452
3204447452
3204447460
3204447468
3204447484
3204447492
3204447500
3204447484
3204447488
3204447492
3204447476
3204447476
3204447476
3204447484
3204447492
3204447508
3204447516
3204447524
3204447508
3204447512
3204447516
3204447500
3204447500
3204447500
3204447500
3204447484
3204447488
3204447492
3204447476
3204447476
3204447476
3204447484
3204447492
3204447500
3204447484
3204447488
3204447492
3204447476
3204447476
3204447484
3204447492
3204447508
3204447516
3204447532
3204447540
3204447548
3204447532
3204447536
3204447540
3204447524
3204447524
3204447524
3204447524
3204447508
3204447512
3204447516
3204447500
3204447500
3204447500
3204447500
3204447484
3204447488
3204447492
3204447476
3204447476
3204447476
3204447484
3204447492
3204447500
3204447484
3204447488
3204447492
3204447476
3204447476
3204447484
3204447492
3204447508
3204447516
3204447524
3204447508
3204447512
3204447516
3204447500
3204447500
3204447500
3204447508
3204447516
3204447532
3204447540
3204447556
3204447564
3204447580
3204447588
3204447596
3204447580
3204447584
3204447588
3204447572
3204447572
3204447572
3204447572
3204447556
3204447560
3204447564
3204447548
3204447548
3204447548
3204447548
3204447532
3204447536
3204447540
3204447524
3204447524
3204447524
3204447524
3204447508
3204447512
3204447516
3204447500
3204447500
3204447500
3204447500
3204447484
3204447488
3204447492
3204447476
3204447476
3204447476
3204447476
3204447460
3204447464
3204447468
3204447452
3204447452
3204447452
3204447460
3204447468
3204447476
3204447460
3204447464
3204447468
3204447452
3204447452
3204447460
3204447468
3204447484
3204447492
3204447500
3204447484
3204447488
3204447492
3204447476
3204447476
3204447476
3204447484
3204447492
3204447508
3204447516
3204447524
3204447508
3204447512
3204447516
3204447500
3204447500
3204447500
3204447500
3204447484
3204447488
3204447492
3204447476
3204447476
3204447476
3204447484
3204447492
3204447500
3204447484
3204447488
3204447492
3204447476
3204447476
3204447484
3204447492
3204447508
3204447516
3204447532
3204447540
3204447548
3204447532
3204447536
3204447540
3204447524
3204447524
3204447524
3204447524
3204447508
3204447512
3204447516
3204447500
3204447500
3204447500
3204447500
3204447484
3204447488
3204447492
3204447476
3204447476
3204447476
3204447484
3204447492
3204447500
3204447484
3204447488
3204447492
3204447476
3204447476
3204447484
3204447492
3204447508
3204447516
3204447524
3204447508
3204447512
3204447516
3204447500
3204447500
3204447500
3204447508
3204447516
3204447532
3204447540
3204447556
3204447564
3204447572
3204447556
3204447560
3204447564
3204447548
3204447548
3204447548
3204447548
3204447532
3204447536
3204447540
3204447524
3204447524
3204447524
3204447524
3204447508
3204447512
3204447516
3204447500
3204447500
3204447500
3204447500
3204447484
3204447488
3204447492
3204447476
3204447476
3204447476
3204447484
3204447492
3204447500
3204447484
3204447488
3204447492
3204447476
3204447476
3204447484
3204447492
3204447508
3204447516
3204447524
3204447508
3204447512
3204447516
3204447500
3204447500
3204447500
3204447508
3204447516
3204447532
3204447540
3204447548
3204447532
3204447536
3204447540
3204447524
3204447524
3204447524
3204447524
3204447508
3204447512
3204447516
3204447500
3204447500
3204447500
3204447508
3204447516
3204447524
3204447508
3204447512
3204447516
3204447500
3204447500
3204447508
3204447516
3204447532
3204447540
3204447556
3204447564
3204447580
3204447588
3204447604
3204447612
3204447628
3204447636
3204447644
3204447648
