3204447648
3204447652
3204447644
3204447596
3204447592
3204447616
3204447592
3204447608
3204447628
3204447628
3204447624
3204447624
3204447616
3204447608
3204447624
3204447616
3204447608
3204447632
3204447632
446632
3204447620
3204447616
446600
3204447632
446632
3204447616
3204447620
446600
3204447616
446600
3204447608
446672
3204447616
446600
3204447620
3204447616
3204447608
446672
446600
3204447608
3204447620
446672
3204447616
446596
3204447608
446672
3204447616
446600
3204447616
446596
3204447616
3204447604
3204447608
3204447612
3204447616
446596
3204447636
3204447628
3204447604
3204447604
3204447604
446604
3204447636
3204447604
3204447604
3204447604
446608
3204447636
3204447612
3204447612
3204447612
446668
3204447636
3204447612
3204447612
3204447612
446664
3204447636
3204447612
3204447612
3204447612
446660
3204447636
3204447612
3204447612
3204447612
446656
3204447636
3204447612
3204447612
3204447612
446652
3204447636
3204447612
3204447612
3204447612
446648
3204447636
3204447612
3204447612
3204447612
446644
3204447636
3204447612
3204447612
3204447612
446640
3204447636
3204447612
3204447612
3204447612
446636
3204447636
3204447612
3204447612
3204447612
446632
3204447636
3204447612
3204447612
3204447612
446628
3204447636
3204447612
3204447612
3204447612
446624
3204447636
3204447612
3204447612
3204447612
446620
3204447636
3204447612
3204447612
3204447612
446616
3204447636
3204447612
3204447612
3204447612
446612
3204447636
3204447612
3204447612
3204447612
446608
3204447636
3204447612
3204447612
3204447612
446604
3204447636
3204447612
3204447604
3204447628
3204447628
3204447612
446604
3204447604
446608
3204447612
3204447620
446604
3204447628
3204447612
446604
3204447616
446596
3204447612
3204447636
446604
3204447612
3204447596
3204447612
3204447596
3204447604
3204447616
3204447624
3204447616
3204447608
3204447624
3204447616
3204447608
3204447632
3204447632
446640
3204447620
3204447616
446612
3204447632
446640
3204447616
3204447620
446612
3204447616
446612
3204447608
446672
3204447616
446612
3204447620
3204447616
3204447608
446672
446612
3204447608
3204447620
446672
3204447616
446608
3204447608
446672
3204447616
446612
3204447616
446608
3204447616
446612
3204447620
3204447616
3204447616
446608
446612
3204447616
3204447620
446608
3204447616
3204447604
3204447608
3204447612
3204447616
446608
3204447636
3204447628
3204447612
446672
3204447616
446608
3204447612
3204447636
446672
3204447612
3204447596
3204447612
3204447608
3204447612
3204447596
3204447624
3204447616
3204447608
3204447624
3204447616
3204447608
3204447632
3204447632
446636
3204447620
3204447616
446612
3204447632
446636
3204447616
3204447620
446612
3204447616
446612
3204447608
446668
3204447616
446608
3204447608
446668
3204447616
446612
3204447616
446608
3204447616
3204447604
3204447608
3204447612
3204447616
446608
3204447636
3204447628
3204447612
446668
3204447616
446608
3204447612
3204447636
446668
3204447612
3204447596
3204447612
3204447608
3204447612
3204447596
3204447624
3204447616
3204447608
3204447624
3204447616
3204447608
3204447632
3204447632
446636
3204447620
3204447616
446612
3204447632
446636
3204447616
3204447620
446612
3204447616
446612
3204447608
446664
3204447616
446608
3204447608
446664
3204447616
446608
3204447620
3204447608
446664
3204447616
446608
3204447608
3204447620
446664
3204447616
446612
3204447616
446608
3204447616
3204447604
3204447608
3204447612
3204447616
446608
3204447636
3204447628
3204447612
446664
3204447616
446608
3204447612
3204447636
446664
3204447612
3204447596
3204447612
3204447608
3204447612
3204447596
3204447624
3204447616
3204447608
3204447624
3204447616
3204447608
3204447632
3204447632
446632
3204447620
3204447616
446612
3204447632
446632
3204447616
3204447620
446612
3204447616
446612
3204447608
446660
3204447616
446608
3204447608
446660
3204447616
446608
3204447620
3204447608
446660
3204447616
446608
3204447608
3204447620
446660
3204447616
446612
3204447616
446608
3204447616
3204447604
3204447608
3204447612
3204447616
446608
3204447636
3204447628
3204447612
446660
3204447616
446608
3204447612
3204447636
446660
3204447612
3204447596
3204447612
3204447608
3204447612
3204447596
3204447624
3204447616
3204447608
3204447624
3204447616
3204447608
3204447632
3204447632
446632
3204447620
3204447616
446612
3204447632
446632
3204447616
3204447620
446612
3204447616
446612
3204447608
446656
3204447616
446608
3204447608
446656
3204447616
446608
3204447620
3204447608
446656
3204447616
446608
3204447608
3204447620
446656
3204447616
446612
3204447616
446608
3204447616
3204447604
3204447608
3204447612
3204447616
446608
3204447636
3204447628
3204447612
446656
3204447616
446608
3204447612
3204447636
446656
3204447612
3204447596
3204447612
3204447608
3204447612
3204447596
3204447624
3204447616
3204447608
3204447624
3204447616
3204447608
3204447632
3204447632
446628
3204447620
3204447616
446612
3204447632
446628
3204447616
3204447620
446612
3204447616
446612
3204447608
446652
3204447616
446612
3204447620
3204447616
3204447608
446652
446612
3204447608
3204447620
446652
3204447616
446608
3204447608
446652
3204447616
446608
3204447620
3204447608
446652
3204447616
446608
3204447608
3204447620
446652
3204447616
446612
3204447616
446608
3204447616
3204447604
3204447608
3204447612
3204447616
446608
3204447636
3204447628
3204447612
446652
3204447616
446608
3204447612
3204447636
446652
3204447612
3204447596
3204447612
3204447608
3204447612
3204447596
3204447624
3204447616
3204447608
3204447624
3204447616
3204447608
3204447632
3204447632
446628
3204447620
3204447616
446612
3204447632
446628
3204447616
3204447620
446612
3204447616
446612
3204447608
446648
3204447616
446608
3204447608
446648
3204447616
446608
3204447620
3204447608
446648
3204447616
446608
3204447608
3204447620
446648
3204447616
446612
3204447616
446608
3204447616
3204447604
3204447608
3204447612
3204447616
446608
3204447636
3204447628
3204447612
446648
3204447616
446608
3204447612
3204447636
446648
3204447612
3204447596
3204447612
3204447608
3204447612
3204447596
3204447624
3204447616
3204447608
3204447624
3204447616
3204447608
3204447632
3204447632
446624
3204447620
3204447616
446612
3204447632
446624
3204447616
3204447620
446612
3204447616
446612
3204447608
446644
3204447616
446608
3204447608
446644
3204447616
446608
3204447620
3204447608
446644
3204447616
446608
3204447608
3204447620
446644
3204447616
446612
3204447616
446608
3204447616
3204447604
3204447608
3204447612
3204447616
446608
3204447636
3204447628
3204447612
446644
3204447616
446608
3204447612
3204447636
446644
3204447612
3204447596
3204447612
3204447608
3204447612
3204447596
3204447624
3204447616
3204447608
3204447624
3204447616
3204447608
3204447632
3204447632
446624
3204447620
3204447616
446612
3204447632
446624
3204447616
3204447620
446612
3204447616
446612
3204447608
446640
3204447616
446608
3204447608
446640
3204447616
446608
3204447620
3204447608
446640
3204447616
446608
3204447608
3204447620
446640
3204447616
446612
3204447616
446608
3204447616
3204447604
3204447608
3204447612
3204447616
446608
3204447636
3204447628
3204447612
446640
3204447616
446608
3204447612
3204447636
446640
3204447612
3204447596
3204447612
3204447608
3204447612
3204447596
3204447624
3204447616
3204447608
3204447624
3204447616
3204447608
3204447632
3204447632
446620
3204447620
3204447616
446612
3204447632
446620
3204447616
3204447620
446612
3204447616
446612
3204447608
446636
3204447616
446608
3204447608
446636
3204447616
446608
3204447620
3204447608
446636
3204447616
446608
3204447608
3204447620
446636
3204447616
446612
3204447616
446608
3204447616
3204447604
3204447608
3204447612
3204447616
446608
3204447636
3204447628
3204447612
446636
3204447616
446608
3204447612
3204447636
446636
3204447612
3204447596
3204447612
3204447608
3204447612
3204447596
3204447624
3204447616
3204447608
3204447624
3204447616
3204447608
3204447632
3204447632
446620
3204447620
3204447616
446612
3204447632
446620
3204447616
3204447620
446612
3204447616
446612
3204447608
446632
3204447616
446608
3204447608
446632
3204447616
446608
3204447620
3204447608
446632
3204447616
446608
3204447608
3204447620
446632
3204447616
446612
3204447616
446608
3204447616
3204447604
3204447608
3204447612
3204447616
446608
3204447636
3204447628
3204447612
446632
3204447616
446608
3204447612
3204447636
446632
3204447612
3204447596
3204447612
3204447608
3204447612
3204447596
3204447604
3204447616
3204447624
3204447616
3204447608
3204447624
3204447616
3204447608
3204447632
3204447632
446620
3204447620
3204447616
446616
3204447632
446620
3204447616
3204447620
446616
3204447616
446616
3204447608
446628
3204447616
446616
3204447620
3204447616
3204447608
446628
446616
3204447608
3204447620
446628
3204447616
446612
3204447608
446628
3204447616
446616
3204447616
446612
3204447616
446616
3204447620
3204447616
3204447616
446612
446616
3204447616
3204447620
446612
3204447616
3204447604
3204447608
3204447612
3204447616
446612
3204447636
3204447628
3204447612
446628
3204447616
446612
3204447612
3204447636
446628
3204447612
3204447596
3204447612
3204447596
3204447604
3204447616
3204447624
3204447616
3204447608
3204447624
3204447616
3204447608
3204447632
3204447632
446620
3204447620
3204447616
446620
3204447632
446620
3204447616
3204447620
446620
3204447616
446620
3204447608
446628
3204447616
446620
3204447620
3204447616
3204447608
446628
446620
3204447608
3204447620
446628
3204447616
446616
3204447608
446628
3204447616
446620
3204447616
446616
3204447616
446620
3204447620
3204447616
3204447616
446616
446620
3204447616
3204447620
446616
3204447616
3204447604
3204447608
3204447612
3204447616
446616
3204447636
3204447628
3204447612
446628
3204447616
446616
3204447612
3204447636
446628
3204447612
3204447596
3204447612
3204447596
3204447604
3204447616
3204447624
3204447616
3204447608
3204447624
3204447616
3204447608
3204447632
3204447632
446624
3204447620
3204447616
446624
3204447632
446624
3204447616
3204447620
446624
3204447616
446624
3204447608
446628
3204447616
446624
3204447620
3204447616
3204447608
446628
446624
3204447608
3204447620
446628
3204447616
446620
3204447608
446628
3204447616
446624
3204447616
446620
3204447616
446624
3204447620
3204447616
3204447616
446620
446624
3204447616
3204447620
446620
3204447616
3204447604
3204447608
3204447612
3204447616
446620
3204447636
3204447628
3204447612
446628
3204447616
446620
3204447612
3204447636
446628
3204447612
3204447596
3204447612
3204447596
3204447604
3204447616
3204447624
3204447616
3204447608
3204447616
3204447608
3204447608
446628
3204447616
446624
3204447624
3204447624
3204447596
446632
3204447644
3204447648
