36216
36218
36220
36222
36224
35272
35274
35276
35278
35280
35282
35284
35286
35288
35290
35292
35294
35296
35298
36174
36176
36178
35300
35302
35304
35306
35308
35440
35442
35444
35448
35450
35452
35454
35456
35458
35462
35466
35468
35470
35472
35474
35476
35478
35480
35484
35488
35490
35492
35494
35498
35502
35504
35506
35508
35510
35512
35514
35518
35522
35524
35526
35528
35530
35532
35534
35538
35542
35544
35546
35550
35554
35558
35560
35562
35564
35568
35572
35576
35578
35580
35582
35586
35590
35592
35594
35596
35598
35600
35602
35606
35610
35612
35614
35616
35618
35622
35626
35628
35630
35632
35636
35640
35642
35644
35646
35648
35650
35654
35658
35660
35662
35664
35668
35672
35676
35678
35680
35682
35686
35690
35694
35764
35766
35768
35772
35776
35778
35780
35784
35788
35792
35794
35796
35798
35802
35806
35810
35884
35886
35888
35890
35892
35894
35898
35902
35904
35906
35908
35910
35912
36092
36094
36096
35914
35916
35918
35920
35928
35932
35936
35938
35940
35942
35946
35950
35954
35958
35922
35924
35926
35928
35932
35936
35938
35940
35942
35946
35950
35954
35958
35960
35962
35964
35966
35974
35978
35982
35984
35986
35988
35992
35996
36000
36004
35968
35970
35972
35974
35978
35982
35984
35986
35988
35992
35996
36000
36004
35968
35970
35972
35974
35978
35982
35984
35986
35988
35992
35996
36000
36004
35968
35970
35972
35974
35978
35982
35984
35986
35988
35992
35996
36000
36004
35968
35970
35972
35974
35978
35982
35984
35986
35988
35992
35996
36000
36004
35968
35970
35972
35974
35978
35982
35984
35986
35988
35992
35996
36000
36004
35968
35970
35972
35974
35978
35982
35984
35986
35988
35992
35996
36000
36004
35968
35970
35972
35974
35978
35982
35984
35986
35988
35992
35996
36000
36004
35968
35970
35972
35974
35978
35982
35984
35986
35988
35992
35996
36000
36004
35968
35970
35972
35974
35978
35982
35984
35986
35988
35992
35996
36000
36004
35968
35970
35972
35974
35978
35982
35984
35986
35988
35992
35996
36000
36004
35968
35970
35972
35974
35978
35982
35984
35986
35988
35992
35996
36000
36004
35968
35970
35972
35974
35978
35982
35984
35986
35988
35992
35996
36000
36004
35968
35970
35972
35974
35978
35982
35984
35986
35988
35992
35996
36000
36004
35968
35970
35972
35974
35978
35982
35984
35986
35988
35992
35996
36000
36004
35968
35970
35972
35974
35978
35982
35984
35986
35988
35992
35996
36000
36004
35968
35970
35972
35974
35978
35982
35984
35986
35988
35992
35996
36000
36004
36006
36008
36010
36012
36014
36016
36018
36020
36022
36042
36046
36050
36052
36054
36056
36058
36062
36066
36068
36070
36072
36074
36078
36082
36084
36086
36088
36090
36092
36094
36096
36098
36102
36106
36108
36110
36112
36114
36118
36122
36124
36126
36128
36130
36134
36138
36140
36142
36144
36146
36148
36150
36152
36154
36162
36164
36166
36168
36170
36172
36174
36176
36178
35300
35302
35304
35306
35308
35440
35442
35444
35448
35450
35452
35454
35456
35458
35462
35466
35468
35470
35472
35474
35476
35478
35480
35484
35488
35490
35492
35494
35498
35502
35504
35506
35508
35510
35512
35514
35518
35522
35524
35526
35528
35530
35532
35534
35538
35542
35544
35546
35550
35554
35558
35560
35562
35564
35568
35572
35576
35578
35580
35582
35586
35590
35592
35594
35596
35598
35600
35602
35606
35610
35612
35614
35616
35618
35622
35626
35628
35630
35632
35636
35640
35642
35644
35646
35648
35650
35654
35658
35660
35662
35664
35668
35672
35676
35678
35680
35682
35686
35690
35694
35764
35766
35768
35772
35776
35778
35780
35784
35788
35792
35794
35796
35798
35802
35806
35810
35812
35814
35816
35820
35824
35826
35828
35830
35832
35834
35836
35840
35844
35846
35848
35850
35852
35856
35860
35862
35864
35866
35870
35874
35876
35878
35880
35882
35884
35886
35888
35890
35892
35894
35898
35902
35904
35906
35908
35910
35912
36092
36094
36096
36098
36102
36106
36108
36110
36112
36114
36118
36122
36124
36126
36128
36130
36134
36138
36140
36142
36144
36146
36148
36150
36152
36154
36156
36158
36160
36162
36164
36166
36168
36174
36176
36178
35300
35302
35304
35306
35308
35440
35442
35444
35448
35450
35452
35454
35456
35458
35462
35466
35468
35470
35472
35474
35476
35478
35480
35484
35488
35490
35492
35494
35498
35502
35504
35506
35508
35510
35512
35514
35518
35522
35524
35526
35528
35530
35532
35534
35538
35542
35544
35546
35550
35554
35558
35560
35562
35564
35568
35572
35576
35650
35654
35658
35660
35662
35664
35668
35672
35676
35678
35680
35682
35686
35690
35694
35764
35766
35768
35772
35776
35778
35780
35784
35788
35792
35794
35796
35798
35802
35806
35810
35884
35886
35888
35890
35892
35894
35898
35902
35904
35906
35908
35910
35912
36092
36094
36096
36098
36102
36106
36108
36110
36112
36114
36118
36122
36124
36126
36128
36130
36134
36138
36140
36142
36144
36146
36148
36150
36152
36154
36156
36158
36160
36162
36164
36166
36168
36174
36176
36178
35300
35302
35304
35306
35308
35440
35442
35444
35448
35450
35452
35454
35456
35458
35462
35466
35468
35470
35472
35474
35476
35478
35480
35484
35488
35490
35492
35494
35498
35502
35504
35506
35508
35510
35512
35514
35518
35522
35524
35526
35528
35530
35532
35534
35538
35542
35544
35546
35550
35554
35558
35560
35562
35564
35568
35572
35576
35650
35654
35658
35660
35662
35664
35668
35672
35676
35678
35680
35682
35686
35690
35694
35696
35700
35704
35706
35708
35710
35712
35714
35718
35722
35724
35726
35728
35730
35734
35738
35740
35742
35744
35746
35750
35754
35756
35758
35760
35762
35764
35766
35768
35772
35776
35778
35780
35784
35788
35792
35794
35796
35798
35802
35806
35810
35884
35886
35888
35890
35892
35894
35898
35902
35904
35906
35908
35910
35912
36092
36094
36096
36098
36102
36106
36108
36110
36112
36114
36118
36122
36124
36126
36128
36130
36134
36138
36140
36142
36144
36146
36148
36150
36152
36154
36156
36158
36160
36162
36164
36166
36168
36174
36176
36178
35300
35302
35304
35306
35308
35440
35442
35444
35448
35450
35452
35454
35456
35458
35462
35466
35468
35470
35472
35474
35476
35478
35480
35484
35488
35490
35492
35494
35498
35502
35504
35506
35508
35510
35512
35514
35518
35522
35524
35526
35528
35530
35532
35534
35538
35542
35544
35546
35550
35554
35558
35560
35562
35564
35568
35572
35576
35650
35654
35658
35660
35662
35664
35668
35672
35676
35678
35680
35682
35686
35690
35694
35696
35700
35704
35706
35708
35710
35712
35714
35718
35722
35724
35726
35728
35730
35734
35738
35740
35742
35744
35746
35750
35754
35756
35758
35760
35762
35764
35766
35768
35772
35776
35778
35780
35784
35788
35792
35794
35796
35798
35802
35806
35810
35884
35886
35888
35890
35892
35894
35898
35902
35904
35906
35908
35910
35912
36092
36094
36096
36098
36102
36106
36108
36110
36112
36114
36118
36122
36124
36126
36128
36130
36134
36138
36140
36142
36144
36146
36148
36150
36152
36154
36156
36158
36160
36162
36164
36166
36168
36174
36176
36178
35300
35302
35304
35306
35308
35440
35442
35444
35448
35450
35452
35454
35456
35458
35462
35466
35468
35470
35472
35474
35476
35478
35480
35484
35488
35490
35492
35494
35498
35502
35504
35506
35508
35510
35512
35514
35518
35522
35524
35526
35528
35530
35532
35534
35538
35542
35544
35546
35550
35554
35558
35560
35562
35564
35568
35572
35576
35650
35654
35658
35660
35662
35664
35668
35672
35676
35678
35680
35682
35686
35690
35694
35696
35700
35704
35706
35708
35710
35712
35714
35718
35722
35724
35726
35728
35730
35734
35738
35740
35742
35744
35746
35750
35754
35756
35758
35760
35762
35764
35766
35768
35772
35776
35778
35780
35784
35788
35792
35794
35796
35798
35802
35806
35810
35884
35886
35888
35890
35892
35894
35898
35902
35904
35906
35908
35910
35912
36092
36094
36096
36098
36102
36106
36108
36110
36112
36114
36118
36122
36124
36126
36128
36130
36134
36138
36140
36142
36144
36146
36148
36150
36152
36154
36156
36158
36160
36162
36164
36166
36168
36174
36176
36178
35300
35302
35304
35306
35308
35440
35442
35444
35448
35450
35452
35454
35456
35458
35462
35466
35468
35470
35472
35474
35476
35478
35480
35484
35488
35490
35492
35494
35498
35502
35504
35506
35508
35510
35512
35514
35518
35522
35524
35526
35528
35530
35532
35534
35538
35542
35544
35546
35550
35554
35558
35560
35562
35564
35568
35572
35576
35578
35580
35582
35586
35590
35592
35594
35596
35598
35600
35602
35606
35610
35612
35614
35616
35618
35622
35626
35628
35630
35632
35636
35640
35642
35644
35646
35648
35650
35654
35658
35660
35662
35664
35668
35672
35676
35678
35680
35682
35686
35690
35694
35696
35700
35704
35706
35708
35710
35712
35714
35718
35722
35724
35726
35728
35730
35734
35738
35740
35742
35744
35746
35750
35754
35756
35758
35760
35762
35764
35766
35768
35772
35776
35778
35780
35784
35788
35792
35794
35796
35798
35802
35806
35810
35884
35886
35888
35890
35892
35894
35898
35902
35904
35906
35908
35910
35912
36092
36094
36096
36098
36102
36106
36108
36110
36112
36114
36118
36122
36124
36126
36128
36130
36134
36138
36140
36142
36144
36146
36148
36150
36152
36154
36156
36158
36160
36162
36164
36166
36168
36174
36176
36178
35300
35302
35304
35306
35308
35440
35442
35444
35448
35450
35452
35454
35456
35458
35462
35466
35468
35470
35472
35474
35476
35478
35480
35484
35488
35490
35492
35494
35498
35502
35504
35506
35508
35510
35512
35514
35518
35522
35524
35526
35528
35530
35532
35534
35538
35542
35544
35546
35550
35554
35558
35560
35562
35564
35568
35572
35576
35650
35654
35658
35660
35662
35664
35668
35672
35676
35678
35680
35682
35686
35690
35694
35696
35700
35704
35706
35708
35710
35712
35714
35718
35722
35724
35726
35728
35730
35734
35738
35740
35742
35744
35746
35750
35754
35756
35758
35760
35762
35764
35766
35768
35772
35776
35778
35780
35784
35788
35792
35794
35796
35798
35802
35806
35810
35884
35886
35888
35890
35892
35894
35898
35902
35904
35906
35908
35910
35912
36092
36094
36096
36098
36102
36106
36108
36110
36112
36114
36118
36122
36124
36126
36128
36130
36134
36138
36140
36142
36144
36146
36148
36150
36152
36154
36156
36158
36160
36162
36164
36166
36168
36174
36176
36178
35300
35302
35304
35306
35308
35440
35442
35444
35448
35450
35452
35454
35456
35458
35462
35466
35468
35470
35472
35474
35476
35478
35480
35484
35488
35490
35492
35494
35498
35502
35504
35506
35508
35510
35512
35514
35518
35522
35524
35526
35528
35530
35532
35534
35538
35542
35544
35546
35550
35554
35558
35560
35562
35564
35568
35572
35576
35650
35654
35658
35660
35662
35664
35668
35672
35676
35678
35680
35682
35686
35690
35694
35696
35700
35704
35706
35708
35710
35712
35714
35718
35722
35724
35726
35728
35730
35734
35738
35740
35742
35744
35746
35750
35754
35756
35758
35760
35762
35764
35766
35768
35772
35776
35778
35780
35784
35788
35792
35794
35796
35798
35802
35806
35810
35884
35886
35888
35890
35892
35894
35898
35902
35904
35906
35908
35910
35912
36092
36094
36096
36098
36102
36106
36108
36110
36112
36114
36118
36122
36124
36126
36128
36130
36134
36138
36140
36142
36144
36146
36148
36150
36152
36154
36156
36158
36160
36162
36164
36166
36168
36174
36176
36178
35300
35302
35304
35306
35308
35440
35442
35444
35448
35450
35452
35454
35456
35458
35462
35466
35468
35470
35472
35474
35476
35478
35480
35484
35488
35490
35492
35494
35498
35502
35504
35506
35508
35510
35512
35514
35518
35522
35524
35526
35528
35530
35532
35534
35538
35542
35544
35546
35550
35554
35558
35560
35562
35564
35568
35572
35576
35650
35654
35658
35660
35662
35664
35668
35672
35676
35678
35680
35682
35686
35690
35694
35696
35700
35704
35706
35708
35710
35712
35714
35718
35722
35724
35726
35728
35730
35734
35738
35740
35742
35744
35746
35750
35754
35756
35758
35760
35762
35764
35766
35768
35772
35776
35778
35780
35784
35788
35792
35794
35796
35798
35802
35806
35810
35884
35886
35888
35890
35892
35894
35898
35902
35904
35906
35908
35910
35912
36092
36094
36096
36098
36102
36106
36108
36110
36112
36114
36118
36122
36124
36126
36128
36130
36134
36138
36140
36142
36144
36146
36148
36150
36152
36154
36156
36158
36160
36162
36164
36166
36168
36174
36176
36178
35300
35302
35304
35306
35308
35440
35442
35444
35448
35450
35452
35454
35456
35458
35462
35466
35468
35470
35472
35474
35476
35478
35480
35484
35488
35490
35492
35494
35498
35502
35504
35506
35508
35510
35512
35514
35518
35522
35524
35526
35528
35530
35532
35534
35538
35542
35544
35546
35550
35554
35558
35560
35562
35564
35568
35572
35576
35650
35654
35658
35660
35662
35664
35668
35672
35676
35678
35680
35682
35686
35690
35694
35696
35700
35704
35706
35708
35710
35712
35714
35718
35722
35724
35726
35728
35730
35734
35738
35740
35742
35744
35746
35750
35754
35756
35758
35760
35762
35764
35766
35768
35772
35776
35778
35780
35784
35788
35792
35794
35796
35798
35802
35806
35810
35884
35886
35888
35890
35892
35894
35898
35902
35904
35906
35908
35910
35912
36092
36094
36096
36098
36102
36106
36108
36110
36112
36114
36118
36122
36124
36126
36128
36130
36134
36138
36140
36142
36144
36146
36148
36150
36152
36154
36156
36158
36160
36162
36164
36166
36168
36174
36176
36178
35300
35302
35304
35306
35308
35440
35442
35444
35448
35450
35452
35454
35456
35458
35462
35466
35468
35470
35472
35474
35476
35478
35480
35484
35488
35490
35492
35494
35498
35502
35504
35506
35508
35510
35512
35514
35518
35522
35524
35526
35528
35530
35532
35534
35538
35542
35544
35546
35550
35554
35558
35560
35562
35564
35568
35572
35576
35650
35654
35658
35660
35662
35664
35668
35672
35676
35678
35680
35682
35686
35690
35694
35696
35700
35704
35706
35708
35710
35712
35714
35718
35722
35724
35726
35728
35730
35734
35738
35740
35742
35744
35746
35750
35754
35756
35758
35760
35762
35764
35766
35768
35772
35776
35778
35780
35784
35788
35792
35794
35796
35798
35802
35806
35810
35884
35886
35888
35890
35892
35894
35898
35902
35904
35906
35908
35910
35912
36092
36094
36096
36098
36102
36106
36108
36110
36112
36114
36118
36122
36124
36126
36128
36130
36134
36138
36140
36142
36144
36146
36148
36150
36152
36154
36156
36158
36160
36162
36164
36166
36168
36170
36172
36174
36176
36178
35300
35302
35304
35306
35308
35440
35442
35444
35448
35450
35452
35454
35456
35458
35462
35466
35468
35470
35472
35474
35476
35478
35480
35484
35488
35490
35492
35494
35498
35502
35504
35506
35508
35510
35512
35514
35518
35522
35524
35526
35528
35530
35532
35534
35538
35542
35544
35546
35550
35554
35558
35560
35562
35564
35568
35572
35576
35578
35580
35582
35586
35590
35592
35594
35596
35598
35600
35602
35606
35610
35612
35614
35616
35618
35622
35626
35628
35630
35632
35636
35640
35642
35644
35646
35648
35650
35654
35658
35660
35662
35664
35668
35672
35676
35678
35680
35682
35686
35690
35694
35764
35766
35768
35772
35776
35778
35780
35784
35788
35792
35794
35796
35798
35802
35806
35810
35812
35814
35816
35820
35824
35826
35828
35830
35832
35834
35836
35840
35844
35846
35848
35850
35852
35856
35860
35862
35864
35866
35870
35874
35876
35878
35880
35882
35884
35886
35888
35890
35892
35894
35898
35902
35904
35906
35908
35910
35912
36092
36094
36096
36098
36102
36106
36108
36110
36112
36114
36118
36122
36124
36126
36128
36130
36134
36138
36140
36142
36144
36146
36148
36150
36152
36154
36162
36164
36166
36168
36170
36172
36174
36176
36178
35300
35302
35304
35306
35308
35440
35442
35444
35448
35450
35452
35454
35456
35458
35462
35466
35468
35470
35472
35474
35476
35478
35480
35484
35488
35490
35492
35494
35498
35502
35504
35506
35508
35510
35512
35514
35518
35522
35524
35526
35528
35530
35532
35534
35538
35542
35544
35546
35550
35554
35558
35560
35562
35564
35568
35572
35576
35578
35580
35582
35586
35590
35592
35594
35596
35598
35600
35602
35606
35610
35612
35614
35616
35618
35622
35626
35628
35630
35632
35636
35640
35642
35644
35646
35648
35650
35654
35658
35660
35662
35664
35668
35672
35676
35678
35680
35682
35686
35690
35694
35764
35766
35768
35772
35776
35778
35780
35784
35788
35792
35794
35796
35798
35802
35806
35810
35812
35814
35816
35820
35824
35826
35828
35830
35832
35834
35836
35840
35844
35846
35848
35850
35852
35856
35860
35862
35864
35866
35870
35874
35876
35878
35880
35882
35884
35886
35888
35890
35892
35894
35898
35902
35904
35906
35908
35910
35912
36092
36094
36096
36098
36102
36106
36108
36110
36112
36114
36118
36122
36124
36126
36128
36130
36134
36138
36140
36142
36144
36146
36148
36150
36152
36154
36162
36164
36166
36168
36170
36172
36174
36176
36178
35300
35302
35304
35306
35308
35440
35442
35444
35448
35450
35452
35454
35456
35458
35462
35466
35468
35470
35472
35474
35476
35478
35480
35484
35488
35490
35492
35494
35498
35502
35504
35506
35508
35510
35512
35514
35518
35522
35524
35526
35528
35530
35532
35534
35538
35542
35544
35546
35550
35554
35558
35560
35562
35564
35568
35572
35576
35578
35580
35582
35586
35590
35592
35594
35596
35598
35600
35602
35606
35610
35612
35614
35616
35618
35622
35626
35628
35630
35632
35636
35640
35642
35644
35646
35648
35650
35654
35658
35660
35662
35664
35668
35672
35676
35678
35680
35682
35686
35690
35694
35764
35766
35768
35772
35776
35778
35780
35784
35788
35792
35794
35796
35798
35802
35806
35810
35812
35814
35816
35820
35824
35826
35828
35830
35832
35834
35836
35840
35844
35846
35848
35850
35852
35856
35860
35862
35864
35866
35870
35874
35876
35878
35880
35882
35884
35886
35888
35890
35892
35894
35898
35902
35904
35906
35908
35910
35912
36092
36094
36096
36098
36102
36106
36108
36110
36112
36114
36118
36122
36124
36126
36128
36130
36134
36138
36140
36142
36144
36146
36148
36150
36152
36154
36162
36164
36166
36168
36170
36172
36174
36176
36178
35300
35302
35304
35306
35308
35310
35312
35314
35316
35318
35320
35324
35328
35330
35332
35334
35338
35342
35346
35348
35350
35352
35356
35360
35364
35434
35436
35438
36174
36176
36178
36182
36186
36190
36192
36194
36196
36198
36202
36206
36208
36210
36214
36228
36230
