35576
35578
35580
35582
35586
35590
35592
35596
35324
35326
35328
35330
35334
35338
35342
35346
35350
35352
35356
35360
35362
35364
35368
35372
35376
35386
35388
35390
35540
35542
35544
35392
35394
35396
35398
35402
35406
35410
35414
35418
35422
35426
35430
35434
35438
35442
35446
35450
35454
35458
35462
35466
35470
35474
35478
35482
35486
35490
35494
35498
35502
35272
35274
35276
35278
35282
35286
35290
35294
35296
35300
35304
35310
35314
35316
35318
35322
35506
35510
35514
35518
35522
35526
35528
35534
35536
35538
35540
35542
35544
35392
35394
35396
35398
35402
35406
35410
35414
35418
35422
35426
35430
35434
35438
35442
35446
35450
35454
35458
35462
35466
35470
35474
35478
35482
35486
35490
35494
35498
35502
35272
35274
35276
35278
35282
35286
35290
35294
35296
35300
35304
35310
35314
35316
35318
35322
35506
35510
35514
35518
35522
35526
35528
35534
35536
35538
35540
35542
35544
35392
35394
35396
35398
35402
35406
35410
35414
35418
35422
35426
35430
35434
35438
35442
35446
35450
35454
35458
35462
35466
35470
35474
35478
35482
35486
35490
35494
35498
35502
35272
35274
35276
35278
35282
35286
35290
35294
35296
35300
35304
35310
35314
35316
35318
35322
35506
35510
35514
35518
35522
35526
35528
35534
35536
35538
35540
35542
35544
35392
35394
35396
35398
35402
35406
35410
35414
35418
35422
35426
35430
35434
35438
35442
35446
35450
35454
35458
35462
35466
35470
35474
35478
35482
35486
35490
35494
35498
35502
35272
35274
35276
35278
35282
35286
35290
35294
35296
35300
35304
35310
35314
35316
35318
35322
35506
35510
35514
35518
35522
35526
35528
35534
35536
35538
35540
35542
35544
35392
35394
35396
35398
35402
35406
35410
35414
35418
35422
35426
35430
35434
35438
35442
35446
35450
35454
35458
35462
35466
35470
35474
35478
35482
35486
35490
35494
35498
35502
35272
35274
35276
35278
35282
35286
35290
35294
35306
35310
35314
35316
35318
35322
35506
35510
35514
35518
35522
35526
35530
35532
35534
35536
35538
35540
35542
35544
35392
35394
35396
35534
35536
35538
35540
35542
35544
35392
35394
35396
35534
35536
35538
35540
35542
35544
35392
35394
35396
35534
35536
35538
35540
35542
35544
35392
35394
35396
35534
35536
35538
35540
35542
35544
35392
35394
35396
35534
35536
35538
35540
35542
35544
35392
35394
35396
35534
35536
35538
35540
35542
35544
35392
35394
35396
35534
35536
35538
35540
35542
35544
35392
35394
35396
35534
35536
35538
35540
35542
35544
35392
35394
35396
35534
35536
35538
35540
35542
35544
35392
35394
35396
35534
35536
35538
35540
35542
35544
35392
35394
35396
35534
35536
35538
35540
35542
35544
35392
35394
35396
35534
35536
35538
35540
35542
35544
35392
35394
35396
35534
35536
35538
35540
35542
35544
35392
35394
35396
35534
35536
35538
35540
35542
35544
35546
35548
35552
35556
35558
35560
35600
35604
35606
35608
35610
