3204447648
3204447652
3204447640
3204447640
3204447632
3204447636
3204447596
3204447596
3204447600
35568
3204447616
3204447608
3204447596
3204447604
3204447604
3204447608
3204447600
3204447600
3204447596
3204447600
3204447612
3204447600
3204447612
3204447600
3204447600
3204447600
3204447596
3204447624
3204447624
3204447588
3204447580
3204447580
3204447580
3204447588
3204447616
3204447604
3204447604
3204447604
3204447608
3204447600
3204447600
3204447596
3204447600
3204447612
3204447600
3204447612
3204447600
3204447600
3204447600
3204447596
3204447624
3204447624
3204447588
3204447580
3204447580
3204447580
3204447588
3204447616
3204447604
3204447604
3204447604
3204447608
3204447600
3204447600
3204447596
3204447600
3204447612
3204447600
3204447612
3204447600
3204447600
3204447600
3204447596
3204447624
3204447624
3204447588
3204447580
3204447580
3204447580
3204447588
3204447616
3204447604
3204447604
3204447604
3204447608
3204447600
3204447600
3204447596
3204447600
3204447612
3204447600
3204447612
3204447600
3204447600
3204447600
3204447596
3204447624
3204447624
3204447588
3204447580
3204447580
3204447580
3204447588
3204447616
3204447604
3204447604
3204447604
3204447608
3204447600
3204447600
3204447596
3204447600
3204447612
3204447600
3204447612
3204447600
3204447600
3204447600
3204447596
3204447624
3204447624
3204447588
3204447580
3204447580
3204447580
3204447588
3204447616
3204447608
3204447604
3204447604
3204447604
3204447608
3204447604
3204447604
3204447604
3204447608
3204447604
3204447604
3204447604
3204447608
3204447604
3204447604
3204447604
3204447608
3204447604
3204447604
3204447604
3204447608
3204447604
3204447604
3204447604
3204447608
3204447604
3204447604
3204447604
3204447608
3204447604
3204447604
3204447604
3204447608
3204447604
3204447604
3204447604
3204447608
3204447604
3204447604
3204447604
3204447608
3204447604
3204447604
3204447604
3204447608
3204447604
3204447604
3204447604
3204447608
3204447604
3204447604
3204447604
3204447608
3204447604
3204447604
3204447604
3204447608
3204447604
3204447604
3204447604
3204447600
3204447632
3204447644
3204447648
