44480
44482
44484
35812
35814
35816
35820
35824
35826
35828
35832
35836
35838
35840
35844
35848
35850
35852
35856
35860
35862
35864
35868
35872
35874
35876
35880
35884
35886
35888
35892
35896
35898
35900
35904
35908
35910
35912
35916
35920
35922
35924
35928
35932
35934
35936
35940
35944
35946
35948
35952
35956
35958
35960
35964
35968
35970
35972
35976
35980
35982
35984
35988
35992
35994
35996
36000
36004
36006
36008
36012
36016
36018
36020
36024
36028
36030
36032
36036
36040
36042
36044
36046
36050
44488
35272
35274
35276
35280
35284
35286
35288
35310
35314
35318
35320
35322
35324
35328
35332
35334
35336
35358
35362
35366
35368
35370
35440
35444
35448
35450
35452
35522
35526
35530
35532
35534
35604
35608
35612
35614
35616
35674
35678
35682
35684
35686
35744
35748
35752
35754
35756
35758
35762
35766
35768
35772
35776
35778
35780
35802
35804
35808
44492
41456
41458
41460
41464
41468
41470
41472
41476
41480
41482
41484
41488
41492
41494
41496
44462
44466
44470
44472
44474
41500
41504
41508
41510
41512
41516
41520
41522
41524
41526
41530
41534
41536
41540
41544
41546
41548
41550
41552
41554
41556
41832
41836
41840
41842
41844
41848
41852
41854
41856
41860
41864
41866
41868
41870
41874
41878
41880
41882
41884
41888
41892
41894
41896
41900
41904
41906
41908
41912
41916
41918
41920
41922
41926
41930
41932
41934
41938
41942
41944
41946
41950
41954
41956
41958
41960
41964
41968
41970
41972
41976
41980
41982
41984
41988
41992
41994
41996
42000
42004
42006
42008
42010
42014
42018
42020
42022
42026
42030
42032
42034
42038
42042
42044
42046
42050
42054
42056
42058
42062
42066
42068
42070
42074
42078
42080
42082
42086
42090
42092
42094
42098
42102
42104
42106
42110
42114
42116
42118
42122
42126
42128
42130
42134
42138
42140
42142
42146
42150
42152
42154
42158
42162
42164
42168
42172
42174
42176
42212
42216
42220
42222
42226
42230
42232
42234
42270
42274
42278
42280
42284
42288
42290
42292
42328
42332
42336
42338
42342
42346
42348
42350
42386
42390
42394
42396
42400
42404
42406
42410
42414
42416
42420
42424
42426
42430
42434
42436
42440
42444
42446
42450
42454
42456
42460
42464
42466
42470
42474
42476
42480
42484
42486
42490
42494
42496
42500
42504
42506
42510
42514
42516
42520
42524
42526
42530
42534
42536
42540
42544
42546
36052
36054
36056
36060
36064
36066
36068
37394
37396
37400
42550
42554
42558
42560
42564
42568
42570
42574
42578
42580
42584
42588
42590
42594
42598
42600
42604
42608
42610
42614
42618
42620
42624
42628
42630
42634
42638
42640
42644
42648
42650
42654
42658
42660
42664
42668
42670
42674
42678
42680
42684
42688
42690
42694
42698
42700
42704
42708
42710
42714
42718
42720
42724
42728
42730
42734
42738
42740
42744
42748
42750
42754
42758
42760
42764
42768
42770
42774
42778
42780
42784
42788
42790
42794
42798
42800
42804
42808
42810
42814
42818
42820
42824
42828
42830
42834
42838
42840
42844
42848
42850
42854
42858
42860
42864
42868
42870
37404
37406
37408
37412
37416
37418
37420
37422
37426
37430
37432
37434
37474
37478
37482
37484
37486
40474
40476
40480
42874
42878
42882
42884
42888
42892
42894
42898
42902
42904
42908
42912
42914
42918
42922
42924
42928
42932
42934
42938
42942
42944
42948
42952
42954
42958
42962
42964
42968
42972
42974
42978
42982
42984
42988
42992
42994
42998
43002
43004
43008
43012
43014
43018
43022
43024
43028
43032
43034
43038
43042
43044
43048
43052
43054
43058
43062
43064
43068
43072
43074
43078
43082
43084
43088
43092
43094
43098
43102
43104
43108
43112
43114
43118
43122
43124
43128
43132
43134
43138
43142
43144
43148
43152
43154
43158
43162
43164
43168
43172
43174
43178
43182
43184
43188
43192
43194
40484
40486
40488
40492
40496
40498
40500
40712
40714
40718
43198
43202
43206
43208
43212
43216
43218
43222
43226
43228
43232
43236
43238
43242
43246
43248
43252
43256
43258
43262
43266
43268
43272
43276
43278
43282
43286
43288
43292
43296
43298
43302
43306
43308
43312
43316
43318
43322
43326
43328
43332
43336
43338
43342
43346
43348
43352
43356
43358
43362
43366
43368
43372
43376
43378
43382
43386
43388
43392
43396
43398
43402
43406
43408
43412
43416
43418
43422
43426
43428
43432
43436
43438
43442
43446
43448
43452
43456
43458
43462
43466
43468
43472
43476
43478
43482
43486
43488
43492
43496
43498
43502
43506
43508
43512
43516
43518
40720
40722
40724
40728
40732
40734
40736
40738
40742
40746
40748
40750
40778
40782
40786
40788
40790
41440
41442
41446
43522
43526
43530
43532
43536
43540
43542
43546
43550
43552
43556
43560
43562
43566
43570
43572
43576
43580
43582
43586
43590
43592
43596
43600
43602
43606
43610
43612
43616
43620
43622
43626
43630
43632
43636
43640
43642
43646
43650
43652
43656
43660
43662
43666
43670
43672
43676
43680
43682
43686
43690
43692
43696
43700
43702
43706
43710
43712
43716
43720
43722
43726
43730
43732
43736
43740
43742
43746
43750
43752
43756
43760
43762
43766
43770
43772
43776
43780
43782
43786
43790
43792
43796
43800
43802
43806
43810
43812
43816
43820
43822
43826
43830
43832
43836
43840
43842
43846
43850
43852
43856
43860
43862
43866
43870
43872
43876
43880
43882
43886
43890
43892
43896
43900
43902
43906
43910
43912
43916
43920
43922
43926
43930
43932
43936
43940
43942
43946
43950
43952
43956
43960
43962
43966
43970
43972
43976
43980
43982
43986
43990
43992
43996
44000
44002
44006
44010
44012
44016
44020
44022
44026
44030
44032
44036
44040
44042
44046
44050
44052
44056
44060
44062
44066
44070
44072
44076
44080
44082
44086
44090
44092
44096
44100
44102
44106
44110
44112
44116
44120
44122
44126
44130
44132
44136
44140
44142
44146
44150
44152
44156
44160
44162
44166
44170
44172
44176
44180
44182
44186
44190
44192
44196
44200
44202
44206
44210
44212
44216
44220
44222
44226
44230
44232
44236
44240
44242
44246
44250
44252
44256
44260
44262
44266
44270
44272
44276
44280
44282
44286
44290
44292
44296
44300
44302
44306
44310
44312
44316
44320
44322
44326
44330
44332
44336
44340
44342
44346
44350
44352
44356
44360
44362
44366
44370
44372
44376
44380
44382
44386
44390
44392
44396
44400
44402
44406
44410
44412
44416
44420
44422
44426
44430
44432
44436
44440
44442
44446
44450
44452
44456
44460
44462
44466
44470
44472
44474
41500
41504
41508
41510
41512
41516
41520
41522
41524
41526
41530
41534
41536
41540
41544
41546
41548
41628
41632
41636
41638
41640
41696
41700
41704
41706
41708
41762
41870
41874
41878
41880
41882
41884
41888
41892
41894
41896
41900
41904
41906
41908
41912
41916
41918
41920
41922
41926
41930
41932
41934
41938
41942
41944
41946
41950
41954
41956
41958
41960
41964
41968
41970
41972
41976
41980
41982
41984
41988
41992
41994
41996
42000
42004
42006
42008
42010
42014
42018
42020
42022
42026
42030
42032
42034
42038
42042
42044
42046
42050
42054
42056
42058
42062
42066
42068
42070
42074
42078
42080
42082
42086
42090
42092
42094
42098
42102
42104
42106
42110
42114
42116
42118
42122
42126
42128
42130
42134
42138
42140
42142
42146
42150
42152
42154
42158
42162
42164
42168
42172
42174
42176
42212
42216
42220
42222
42226
42230
42232
42234
42270
42274
42278
42280
42284
42288
42290
42292
42328
42332
42336
42338
42342
42346
42348
42350
42386
42390
42394
42396
42400
42404
42406
42410
42414
42416
42420
42424
42426
42430
42434
42436
42440
42444
42446
42450
42454
42456
42460
42464
42466
42470
42474
42476
42480
42484
42486
42490
42494
42496
42500
42504
42506
42510
42514
42516
42520
42524
42526
42530
42534
42536
42540
42544
42546
36052
36054
36056
36060
36064
36066
36068
37394
37396
37400
42550
42554
42558
42560
42564
42568
42570
42574
42578
42580
42584
42588
42590
42594
42598
42600
42604
42608
42610
42614
42618
42620
42624
42628
42630
42634
42638
42640
42644
42648
42650
42654
42658
42660
42664
42668
42670
42674
42678
42680
42684
42688
42690
42694
42698
42700
42704
42708
42710
42714
42718
42720
42724
42728
42730
42734
42738
42740
42744
42748
42750
42754
42758
42760
42764
42768
42770
42774
42778
42780
42784
42788
42790
42794
42798
42800
42804
42808
42810
42814
42818
42820
42824
42828
42830
42834
42838
42840
42844
42848
42850
42854
42858
42860
42864
42868
42870
37404
37406
37408
37412
37416
37418
37420
37422
37426
37430
37432
37434
37474
37478
37482
37484
37486
40474
40476
40480
42874
42878
42882
42884
42888
42892
42894
42898
42902
42904
42908
42912
42914
42918
42922
42924
42928
42932
42934
42938
42942
42944
42948
42952
42954
42958
42962
42964
42968
42972
42974
42978
42982
42984
42988
42992
42994
42998
43002
43004
43008
43012
43014
43018
43022
43024
43028
43032
43034
43038
43042
43044
43048
43052
43054
43058
43062
43064
43068
43072
43074
43078
43082
43084
43088
43092
43094
43098
43102
43104
43108
43112
43114
43118
43122
43124
43128
43132
43134
43138
43142
43144
43148
43152
43154
43158
43162
43164
43168
43172
43174
43178
43182
43184
43188
43192
43194
40484
40486
40488
40492
40496
40498
40500
40712
40714
40718
43198
43202
43206
43208
43212
43216
43218
43222
43226
43228
43232
43236
43238
43242
43246
43248
43252
43256
43258
43262
43266
43268
43272
43276
43278
43282
43286
43288
43292
43296
43298
43302
43306
43308
43312
43316
43318
43322
43326
43328
43332
43336
43338
43342
43346
43348
43352
43356
43358
43362
43366
43368
43372
43376
43378
43382
43386
43388
43392
43396
43398
43402
43406
43408
43412
43416
43418
43422
43426
43428
43432
43436
43438
43442
43446
43448
43452
43456
43458
43462
43466
43468
43472
43476
43478
43482
43486
43488
43492
43496
43498
43502
43506
43508
43512
43516
43518
40720
40722
40724
40728
40732
40734
40736
40738
40742
40746
40748
40750
40778
40782
40786
40788
40790
41440
41442
41446
43522
43526
43530
43532
43536
43540
43542
43546
43550
43552
43556
43560
43562
43566
43570
43572
43576
43580
43582
43586
43590
43592
43596
43600
43602
43606
43610
43612
43616
43620
43622
43626
43630
43632
43636
43640
43642
43646
43650
43652
43656
43660
43662
43666
43670
43672
43676
43680
43682
43686
43690
43692
43696
43700
43702
43706
43710
43712
43716
43720
43722
43726
43730
43732
43736
43740
43742
43746
43750
43752
43756
43760
43762
43766
43770
43772
43776
43780
43782
43786
43790
43792
43796
43800
43802
43806
43810
43812
43816
43820
43822
43826
43830
43832
43836
43840
43842
43846
43850
43852
43856
43860
43862
43866
43870
43872
43876
43880
43882
43886
43890
43892
43896
43900
43902
43906
43910
43912
43916
43920
43922
43926
43930
43932
43936
43940
43942
43946
43950
43952
43956
43960
43962
43966
43970
43972
43976
43980
43982
43986
43990
43992
43996
44000
44002
44006
44010
44012
44016
44020
44022
44026
44030
44032
44036
44040
44042
44046
44050
44052
44056
44060
44062
44066
44070
44072
44076
44080
44082
44086
44090
44092
44096
44100
44102
44106
44110
44112
44116
44120
44122
44126
44130
44132
44136
44140
44142
44146
44150
44152
44156
44160
44162
44166
44170
44172
44176
44180
44182
44186
44190
44192
44196
44200
44202
44206
44210
44212
44216
44220
44222
44226
44230
44232
44236
44240
44242
44246
44250
44252
44256
44260
44262
44266
44270
44272
44276
44280
44282
44286
44290
44292
44296
44300
44302
44306
44310
44312
44316
44320
44322
44326
44330
44332
44336
44340
44342
44346
44350
44352
44356
44360
44362
44366
44370
44372
44376
44380
44382
44386
44390
44392
44396
44400
44402
44406
44410
44412
44416
44420
44422
44426
44430
44432
44436
44440
44442
44446
44450
44452
44456
44460
44462
44466
44470
44472
44474
44478
44496
44498
44500
