3204447648
3204447652
3204447644
462188
462112
462092
462303
462234
462200
462194
462301
462264
462160
462183
462116
462144
462117
462096
462244
462211
462118
462181
3204447644
3204447644
458504
458504
458506
462228
462140
462276
462240
462220
458500
462176
462148
3204447644
3204447640
3204447644
462212
462163
462236
462163
462163
462236
462236
462244
462163
462204
462244
458510
462194
458511
458516
462211
458517
458519
458500
462181
458520
458513
458504
458506
462301
462268
462264
458505
462160
458514
458511
458517
458520
458514
462182
462292
462217
462272
462208
462253
462184
462274
458512
458510
458515
458513
458518
458516
458521
458519
462168
462294
462137
462180
462225
462166
462192
462302
3204447636
458510
3204447636
462280
462097
462245
462232
462296
462084
462165
462162
462196
462260
462273
462152
462294
462168
462180
462137
462166
462225
462302
462192
462210
462100
462256
462161
462168
462294
462137
462180
462225
462166
462192
462302
3204447636
458513
458515
458513
3204447636
462280
462097
462245
462232
462296
462084
462165
462162
462196
462260
462273
462152
462294
462168
462180
462137
462166
462225
462302
462192
462210
462100
462256
462161
462168
462294
462137
462180
462225
462166
462192
462302
3204447636
458516
3204447636
462280
462097
462245
462232
462296
462084
462165
462162
462196
462260
462273
462152
462294
462168
462180
462137
462166
462225
462302
462192
462210
462100
462256
462161
462168
462294
462137
462180
462225
462166
462192
462302
3204447636
458519
458521
458519
3204447636
462280
462097
462245
462232
462296
462084
462165
462162
462196
462260
462273
462152
462294
462168
462180
462137
462166
462225
462302
462192
462210
462100
462256
462161
458510
458511
458513
458514
458516
458517
458519
458520
462268
462132
462296
462128
462104
462204
462084
462156
462176
462148
462302
462146
462166
462099
462180
462121
462294
462080
462300
462256
462256
462120
462293
462254
462254
462193
462136
462304
462304
462098
462110
462245
462245
462088
462145
462280
462280
462167
462165
462109
462162
462123
462208
462253
462182
462292
462217
462272
462184
462274
462122
462161
462161
462224
462305
462232
462232
462281
462108
462097
462097
462252
462163
462163
462236
462236
462244
462232
462097
458510
462194
458511
458516
462211
458517
458519
458500
462181
458520
458513
458504
458506
462301
462268
462264
458505
462160
458514
458511
458517
458520
458514
462182
462292
462217
462272
462208
462253
462184
462274
458512
458510
458515
458513
458518
458516
458521
458519
462168
462294
462137
462180
462225
462166
462192
462302
3204447636
458510
3204447636
462280
462097
462245
462232
462296
462084
462165
462162
462196
462260
462273
462152
462294
462168
462180
462137
462166
462225
462302
462192
462210
462100
462256
462161
462168
462294
462137
462180
462225
462166
462192
462302
3204447636
458513
458515
458513
3204447636
462280
462097
462245
462232
462296
462084
462165
462162
462196
462260
462273
462152
462294
462168
462180
462137
462166
462225
462302
462192
462210
462100
462256
462161
462168
462294
462137
462180
462225
462166
462192
462302
3204447636
458516
3204447636
462280
462097
462245
462232
462296
462084
462165
462162
462196
462260
462273
462152
462294
462168
462180
462137
462166
462225
462302
462192
462210
462100
462256
462161
462168
462294
462137
462180
462225
462166
462192
462302
3204447636
458519
458521
458519
3204447636
462280
462097
462245
462232
462296
462084
462165
462162
462196
462260
462273
462152
462294
462168
462180
462137
462166
462225
462302
462192
462210
462100
462256
462161
458510
458511
458513
458514
458516
458517
458519
458520
462268
462132
462296
462128
462104
462204
462084
462156
462176
462148
462302
462146
462166
462099
462180
462121
462294
462080
462300
462256
462256
462120
462293
462254
462254
462193
462136
462304
462304
462098
462110
462245
462245
462088
462145
462280
462280
462167
462165
462109
462162
462123
462208
462253
462182
462292
462217
462272
462184
462274
462122
462161
462161
462224
462305
462232
462232
462281
462108
462097
462097
462252
462163
3204447640
3204447648
