35272
35274
35276
35278
35280
35282
35284
35286
35288
35290
35478
35480
35482
35484
35292
35294
35296
35298
35300
35448
35450
35452
35454
35302
35304
35306
35308
35310
35312
35316
35320
35322
35324
35328
35330
35332
35336
35338
35340
35342
35344
35348
35352
35354
35356
35360
35362
35364
35368
35372
35376
35380
35384
35388
35392
35396
35398
35400
35404
35406
35408
35412
35416
35420
35422
35424
35428
35430
35432
35436
35438
35440
35442
35444
35446
35448
35450
35452
35454
35302
35304
35306
35308
35310
35312
35316
35320
35322
35324
35328
35330
35332
35336
35338
35340
35342
35412
35416
35420
35422
35424
35428
35430
35432
35436
35438
35440
35442
35444
35446
35448
35450
35452
35454
35302
35304
35306
35308
35310
35312
35316
35320
35322
35324
35328
35330
35332
35336
35338
35340
35342
35412
35416
35420
35422
35424
35428
35430
35432
35436
35438
35440
35442
35444
35446
35448
35450
35452
35454
35302
35304
35306
35308
35310
35312
35316
35320
35322
35324
35328
35330
35332
35336
35338
35340
35342
35412
35416
35420
35422
35424
35428
35430
35432
35436
35438
35440
35442
35444
35446
35448
35450
35452
35454
35302
35304
35306
35308
35310
35312
35316
35320
35322
35324
35328
35330
35332
35336
35338
35340
35342
35412
35416
35420
35422
35424
35428
35430
35432
35436
35438
35440
35442
35444
35446
35448
35450
35452
35454
35302
35304
35306
35308
35310
35312
35316
35320
35322
35324
35328
35330
35332
35336
35338
35340
35342
35412
35416
35420
35422
35424
35428
35430
35432
35436
35438
35440
35442
35444
35446
35448
35450
35452
35454
35456
35460
35464
35466
35468
35472
35474
35476
35478
35480
35482
35484
35292
35294
35296
35298
35300
35448
35450
35452
35454
35302
35304
35306
35308
35310
35312
35316
35320
35322
35324
35328
35330
35332
35336
35338
35340
35342
35412
35416
35420
35422
35424
35428
35430
35432
35436
35438
35440
35442
35444
35446
35448
35450
35452
35454
35302
35304
35306
35308
35310
35312
35316
35320
35322
35324
35328
35330
35332
35336
35338
35340
35342
35344
35348
35352
35354
35356
35360
35362
35364
35368
35372
35376
35380
35384
35388
35392
35396
35398
35400
35404
35406
35408
35412
35416
35420
35422
35424
35428
35430
35432
35436
35438
35440
35442
35444
35446
35448
35450
35452
35454
35302
35304
35306
35308
35310
35312
35316
35320
35322
35324
35328
35330
35332
35336
35338
35340
35342
35412
35416
35420
35422
35424
35428
35430
35432
35436
35438
35440
35442
35444
35446
35448
35450
35452
35454
35302
35304
35306
35308
35310
35312
35316
35320
35322
35324
35328
35330
35332
35336
35338
35340
35342
35412
35416
35420
35422
35424
35428
35430
35432
35436
35438
35440
35442
35444
35446
35448
35450
35452
35454
35302
35304
35306
35308
35310
35312
35316
35320
35322
35324
35328
35330
35332
35336
35338
35340
35342
35412
35416
35420
35422
35424
35428
35430
35432
35436
35438
35440
35442
35444
35446
35448
35450
35452
35454
35302
35304
35306
35308
35310
35312
35316
35320
35322
35324
35328
35330
35332
35336
35338
35340
35342
35412
35416
35420
35422
35424
35428
35430
35432
35436
35438
35440
35442
35444
35446
35448
35450
35452
35454
35456
35460
35464
35466
35468
35472
35474
35476
35478
35480
35482
35484
35292
35294
35296
35298
35300
35448
35450
35452
35454
35302
35304
35306
35308
35310
35312
35316
35320
35322
35324
35328
35330
35332
35336
35338
35340
35342
35412
35416
35420
35422
35424
35428
35430
35432
35436
35438
35440
35442
35444
35446
35448
35450
35452
35454
35302
35304
35306
35308
35310
35312
35316
35320
35322
35324
35328
35330
35332
35336
35338
35340
35342
35412
35416
35420
35422
35424
35428
35430
35432
35436
35438
35440
35442
35444
35446
35448
35450
35452
35454
35302
35304
35306
35308
35310
35312
35316
35320
35322
35324
35328
35330
35332
35336
35338
35340
35342
35344
35348
35352
35354
35356
35360
35362
35364
35368
35372
35376
35380
35384
35388
35392
35396
35398
35400
35404
35406
35408
35412
35416
35420
35422
35424
35428
35430
35432
35436
35438
35440
35442
35444
35446
35448
35450
35452
35454
35302
35304
35306
35308
35310
35312
35316
35320
35322
35324
35328
35330
35332
35336
35338
35340
35342
35412
35416
35420
35422
35424
35428
35430
35432
35436
35438
35440
35442
35444
35446
35448
35450
35452
35454
35302
35304
35306
35308
35310
35312
35316
35320
35322
35324
35328
35330
35332
35336
35338
35340
35342
35412
35416
35420
35422
35424
35428
35430
35432
35436
35438
35440
35442
35444
35446
35448
35450
35452
35454
35302
35304
35306
35308
35310
35312
35316
35320
35322
35324
35328
35330
35332
35336
35338
35340
35342
35412
35416
35420
35422
35424
35428
35430
35432
35436
35438
35440
35442
35444
35446
35448
35450
35452
35454
35456
35460
35464
35466
35468
35472
35474
35476
35478
35480
35482
35484
35292
35294
35296
35298
35300
35448
35450
35452
35454
35302
35304
35306
35308
35310
35312
35316
35320
35322
35324
35328
35330
35332
35336
35338
35340
35342
35412
35416
35420
35422
35424
35428
35430
35432
35436
35438
35440
35442
35444
35446
35448
35450
35452
35454
35302
35304
35306
35308
35310
35312
35316
35320
35322
35324
35328
35330
35332
35336
35338
35340
35342
35412
35416
35420
35422
35424
35428
35430
35432
35436
35438
35440
35442
35444
35446
35448
35450
35452
35454
35302
35304
35306
35308
35310
35312
35316
35320
35322
35324
35328
35330
35332
35336
35338
35340
35342
35412
35416
35420
35422
35424
35428
35430
35432
35436
35438
35440
35442
35444
35446
35448
35450
35452
35454
35302
35304
35306
35308
35310
35312
35316
35320
35322
35324
35328
35330
35332
35336
35338
35340
35342
35344
35348
35352
35354
35356
35360
35362
35364
35368
35372
35376
35380
35384
35388
35392
35396
35398
35400
35404
35406
35408
35412
35416
35420
35422
35424
35428
35430
35432
35436
35438
35440
35442
35444
35446
35448
35450
35452
35454
35302
35304
35306
35308
35310
35312
35316
35320
35322
35324
35328
35330
35332
35336
35338
35340
35342
35412
35416
35420
35422
35424
35428
35430
35432
35436
35438
35440
35442
35444
35446
35448
35450
35452
35454
35302
35304
35306
35308
35310
35312
35316
35320
35322
35324
35328
35330
35332
35336
35338
35340
35342
35412
35416
35420
35422
35424
35428
35430
35432
35436
35438
35440
35442
35444
35446
35448
35450
35452
35454
35456
35460
35464
35466
35468
35472
35474
35476
35478
35480
35482
35484
35292
35294
35296
35298
35300
35448
35450
35452
35454
35302
35304
35306
35308
35310
35312
35316
35320
35322
35324
35328
35330
35332
35336
35338
35340
35342
35412
35416
35420
35422
35424
35428
35430
35432
35436
35438
35440
35442
35444
35446
35448
35450
35452
35454
35302
35304
35306
35308
35310
35312
35316
35320
35322
35324
35328
35330
35332
35336
35338
35340
35342
35412
35416
35420
35422
35424
35428
35430
35432
35436
35438
35440
35442
35444
35446
35448
35450
35452
35454
35302
35304
35306
35308
35310
35312
35316
35320
35322
35324
35328
35330
35332
35336
35338
35340
35342
35412
35416
35420
35422
35424
35428
35430
35432
35436
35438
35440
35442
35444
35446
35448
35450
35452
35454
35302
35304
35306
35308
35310
35312
35316
35320
35322
35324
35328
35330
35332
35336
35338
35340
35342
35412
35416
35420
35422
35424
35428
35430
35432
35436
35438
35440
35442
35444
35446
35448
35450
35452
35454
35302
35304
35306
35308
35310
35312
35316
35320
35322
35324
35328
35330
35332
35336
35338
35340
35342
35344
35348
35352
35354
35356
35360
35362
35364
35368
35372
35376
35380
35384
35388
35392
35396
35398
35400
35404
35406
35408
35412
35416
35420
35422
35424
35428
35430
35432
35436
35438
35440
35442
35444
35446
35448
35450
35452
35454
35302
35304
35306
35308
35310
35312
35316
35320
35322
35324
35328
35330
35332
35336
35338
35340
35342
35412
35416
35420
35422
35424
35428
35430
35432
35436
35438
35440
35442
35444
35446
35448
35450
35452
35454
35456
35460
35464
35466
35468
35472
35474
35476
35478
35480
35482
35484
35292
35294
35296
35298
35300
35448
35450
35452
35454
35302
35304
35306
35308
35310
35312
35316
35320
35322
35324
35328
35330
35332
35336
35338
35340
35342
35412
35416
35420
35422
35424
35428
35430
35432
35436
35438
35440
35442
35444
35446
35448
35450
35452
35454
35302
35304
35306
35308
35310
35312
35316
35320
35322
35324
35328
35330
35332
35336
35338
35340
35342
35412
35416
35420
35422
35424
35428
35430
35432
35436
35438
35440
35442
35444
35446
35448
35450
35452
35454
35302
35304
35306
35308
35310
35312
35316
35320
35322
35324
35328
35330
35332
35336
35338
35340
35342
35412
35416
35420
35422
35424
35428
35430
35432
35436
35438
35440
35442
35444
35446
35448
35450
35452
35454
35302
35304
35306
35308
35310
35312
35316
35320
35322
35324
35328
35330
35332
35336
35338
35340
35342
35412
35416
35420
35422
35424
35428
35430
35432
35436
35438
35440
35442
35444
35446
35448
35450
35452
35454
35302
35304
35306
35308
35310
35312
35316
35320
35322
35324
35328
35330
35332
35336
35338
35340
35342
35412
35416
35420
35422
35424
35428
35430
35432
35436
35438
35440
35442
35444
35446
35448
35450
35452
35454
35302
35304
35306
35308
35310
35312
35316
35320
35322
35324
35328
35330
35332
35336
35338
35340
35342
35344
35348
35352
35354
35356
35360
35362
35364
35368
35372
35376
35380
35384
35388
35392
35396
35398
35400
35404
35406
35408
35412
35416
35420
35422
35424
35428
35430
35432
35436
35438
35440
35442
35444
35446
35448
35450
35452
35454
35456
35460
35464
35466
35468
35472
35474
35476
35478
35480
35482
35484
35486
35488
35490
35504
35506
35508
35510
35512
35514
35516
35518
35522
35524
35526
36078
36082
36084
36086
36088
36090
35528
35532
35536
35538
35540
35542
35800
35804
35806
35808
35810
35812
35544
35548
35552
35556
35560
35562
35564
35568
35572
35574
35576
35580
35582
35586
35588
35590
35714
35718
35722
35726
35728
35730
35734
35736
35738
35742
35744
35746
36600
36602
36606
36610
36612
36614
36616
36620
36622
36624
36626
36628
37204
37206
37208
37210
37214
37218
35750
35752
35754
35758
35762
35766
35768
35770
35774
35778
35780
35782
35786
35790
35794
35796
35798
35800
35804
35806
35808
35810
35812
35544
35548
35552
35556
35560
35562
35564
35568
35572
35574
35576
35580
35582
35586
35588
35590
35714
35718
35722
35726
35728
35730
35734
35736
35738
35742
35744
35746
36600
36602
36606
36610
36612
36614
36616
36620
36622
36624
36626
36628
37204
37206
37208
37210
37214
37218
35750
35752
35754
35758
35762
35766
35768
35770
35774
35778
35780
35782
35786
35790
35794
35796
35798
35800
35804
35806
35808
35810
35812
35544
35548
35552
35556
35560
35562
35564
35568
35572
35574
35576
35580
35582
35586
35588
35590
35714
35718
35722
35726
35728
35730
35734
35736
35738
35742
35744
35746
36600
36602
36606
36610
36612
36614
36616
36620
36622
36624
36626
36628
36632
36634
37220
37224
37228
37232
37236
37238
37240
35750
35752
35754
35758
35762
35766
35768
35770
35774
35778
35780
35782
35786
35790
35794
35796
35798
35800
35804
35806
35808
35810
35812
35544
35548
35552
35556
35560
35562
35564
35568
35572
35574
35576
35580
35582
35586
35588
35590
35714
35718
35722
35726
35728
35730
35734
35736
35738
35742
35744
35746
36600
36602
36606
36610
36612
36614
36616
36620
36622
36624
36626
36628
36632
36634
37220
37224
37228
37232
37236
37238
37240
35750
35752
35754
35758
35762
35766
35768
35770
35774
35778
35780
35782
35786
35790
35794
35796
35798
35800
35804
35806
35808
35810
35812
35544
35548
35552
35556
35560
35562
35564
35568
35572
35574
35576
35580
35582
35586
35588
35590
35714
35718
35722
35726
35728
35730
35734
35736
35738
35742
35744
35746
36600
36602
36606
36610
36612
36614
36616
36620
36622
36624
36626
36628
36632
36634
37220
37224
37228
37232
37236
37238
37240
35750
35752
35754
35758
35762
35766
35768
35770
35774
35778
35780
35782
35786
35790
35794
35796
35798
35800
35804
35806
35808
35810
35812
35816
35820
35824
35826
35828
35830
36050
36054
36056
36058
36060
36062
35832
35836
35838
35840
35844
35848
35852
35854
35858
35862
35864
35866
35870
35872
35876
35878
35880
35980
35984
35988
35990
35992
35994
35882
35886
35888
35890
35894
35898
35900
35904
35908
35910
35912
35916
35920
35924
35928
35930
35932
35936
35940
35942
35944
35948
35952
35956
35960
35962
35964
35966
35970
35974
35976
35978
35980
35984
35988
35990
35992
35994
35996
36000
36002
36004
36008
36012
36014
36018
36022
36024
36026
36030
36032
36036
36040
36044
36046
36048
36050
36054
36056
36058
36060
36062
35832
35836
35838
35840
35844
35848
35852
35854
35858
35862
35864
35866
35870
35872
35876
35878
35880
35980
35984
35988
35990
35992
35994
35882
35886
35888
35890
35894
35898
35900
35904
35908
35910
35912
35916
35920
35924
35928
35930
35932
35936
35940
35942
35944
35948
35952
35956
35960
35962
35964
35966
35970
35974
35976
35978
35980
35984
35988
35990
35992
35994
35996
36000
36002
36004
36008
36012
36014
36018
36022
36024
36026
36030
36032
36036
36040
36044
36046
36048
36050
36054
36056
36058
36060
36062
35832
35836
35838
35840
35844
35848
35852
35854
35858
35862
35864
35866
35870
35872
35876
35878
35880
35980
35984
35988
35990
35992
35994
35882
35886
35888
35890
35894
35898
35900
35904
35908
35910
35912
35916
35920
35924
35928
35930
35932
35936
35940
35942
35944
35948
35952
35956
35960
35962
35964
35966
35970
35974
35976
35978
35980
35984
35988
35990
35992
35994
35996
36000
36002
36004
36008
36012
36014
36018
36022
36024
36026
36030
36032
36036
36040
36044
36046
36048
36050
36054
36056
36058
36060
36062
35832
35836
35838
35840
35844
35848
35852
35854
35858
35862
35864
35866
35870
35872
35876
35878
35880
35980
35984
35988
35990
35992
35994
35882
35886
35888
35890
35894
35898
35900
35904
35908
35910
35912
35916
35920
35924
35928
35930
35932
35936
35940
35942
35944
35948
35952
35956
35960
35962
35964
35966
35970
35974
35976
35978
35980
35984
35988
35990
35992
35994
35996
36000
36002
36004
36008
36012
36014
36018
36022
36024
36026
36030
36032
36036
36040
36044
36046
36048
36050
36054
36056
36058
36060
36062
35832
35836
35838
35840
35844
35848
35852
35854
35858
35862
35864
35866
35870
35872
35876
35878
35880
35980
35984
35988
35990
35992
35994
35882
35886
35888
35890
35894
35898
35900
35904
35908
35910
35912
35916
35920
35924
35928
35930
35932
35936
35940
35942
35944
35948
35952
35956
35960
35962
35964
35966
35970
35974
35976
35978
35980
35984
35988
35990
35992
35994
35996
36000
36002
36004
36008
36012
36014
36018
36022
36024
36026
36030
36032
36036
36040
36044
36046
36048
36050
36054
36056
36058
36060
36062
36064
36068
36072
36074
36076
36078
36082
36084
36086
36088
36090
35528
35532
35536
35538
35540
35542
35800
35804
35806
35808
35810
35812
35544
35548
35552
35556
35560
35562
35564
35568
35572
35574
35576
35580
35582
35586
35588
35590
35592
35596
35598
35600
35698
35702
35706
35708
35710
35712
35602
35606
35610
35614
35616
35618
35622
35626
35628
35630
35634
35638
35642
35646
35648
35650
35654
35658
35660
35662
35666
35670
35674
35678
35680
35682
35684
35688
35692
35694
35696
35698
35702
35706
35708
35710
35712
35714
35718
35722
35726
35728
35730
35734
35736
35738
35742
35744
35746
36600
36602
36606
36610
36612
36614
36616
36620
36622
36624
36626
36628
37204
37206
37208
37210
37214
37218
35750
35752
35754
35758
35762
35766
35768
35770
35774
35778
35780
35782
35786
35790
35794
35796
35798
35800
35804
35806
35808
35810
35812
35544
35548
35552
35556
35560
35562
35564
35568
35572
35574
35576
35580
35582
35586
35588
35590
35592
35596
35598
35600
35698
35702
35706
35708
35710
35712
35602
35606
35610
35614
35616
35618
35622
35626
35628
35630
35634
35638
35642
35646
35648
35650
35654
35658
35660
35662
35666
35670
35674
35678
35680
35682
35684
35688
35692
35694
35696
35698
35702
35706
35708
35710
35712
35714
35718
35722
35726
35728
35730
35734
35736
35738
35742
35744
35746
36600
36602
36606
36610
36612
36614
36616
36620
36622
36624
36626
36628
37204
37206
37208
37210
37214
37218
35750
35752
35754
35758
35762
35766
35768
35770
35774
35778
35780
35782
35786
35790
35794
35796
35798
35800
35804
35806
35808
35810
35812
35544
35548
35552
35556
35560
35562
35564
35568
35572
35574
35576
35580
35582
35586
35588
35590
35592
35596
35598
35600
35698
35702
35706
35708
35710
35712
35602
35606
35610
35614
35616
35618
35622
35626
35628
35630
35634
35638
35642
35646
35648
35650
35654
35658
35660
35662
35666
35670
35674
35678
35680
35682
35684
35688
35692
35694
35696
35698
35702
35706
35708
35710
35712
35714
35718
35722
35726
35728
35730
35734
35736
35738
35742
35744
35746
36600
36602
36606
36610
36612
36614
36616
36620
36622
36624
36626
36628
37204
37206
37208
37210
37214
37218
35750
35752
35754
35758
35762
35766
35768
35770
35774
35778
35780
35782
35786
35790
35794
35796
35798
35800
35804
35806
35808
35810
35812
35544
35548
35552
35556
35560
35562
35564
35568
35572
35574
35576
35580
35582
35586
35588
35590
35592
35596
35598
35600
35698
35702
35706
35708
35710
35712
35602
35606
35610
35614
35616
35618
35622
35626
35628
35630
35634
35638
35642
35646
35648
35650
35654
35658
35660
35662
35666
35670
35674
35678
35680
35682
35684
35688
35692
35694
35696
35698
35702
35706
35708
35710
35712
35714
35718
35722
35726
35728
35730
35734
35736
35738
35742
35744
35746
36600
36602
36606
36610
36612
36614
36616
36620
36622
36624
36626
36628
37204
37206
37208
37210
37214
37218
35750
35752
35754
35758
35762
35766
35768
35770
35774
35778
35780
35782
35786
35790
35794
35796
35798
35800
35804
35806
35808
35810
35812
35816
35820
35824
35826
35828
35830
36050
36054
36056
36058
36060
36062
35832
35836
35838
35840
35844
35848
35852
35854
35858
35862
35864
35866
35870
35872
35876
35878
35880
35980
35984
35988
35990
35992
35994
35882
35886
35888
35890
35894
35898
35900
35904
35908
35910
35912
35916
35920
35924
35928
35930
35932
35936
35940
35942
35944
35948
35952
35956
35960
35962
35964
35966
35970
35974
35976
35978
35980
35984
35988
35990
35992
35994
35882
35886
35888
35890
35894
35898
35900
35904
35908
35910
35912
35916
35920
35924
35928
35930
35932
35936
35940
35942
35944
35948
35952
35956
35960
35962
35964
35966
35970
35974
35976
35978
35980
35984
35988
35990
35992
35994
35996
36000
36002
36004
36008
36012
36014
36018
36022
36024
36026
36030
36032
36036
36040
36044
36046
36048
36050
36054
36056
36058
36060
36062
35832
35836
35838
35840
35844
35848
35852
35854
35858
35862
35864
35866
35870
35872
35876
35878
35880
35980
35984
35988
35990
35992
35994
35882
35886
35888
35890
35894
35898
35900
35904
35908
35910
35912
35916
35920
35924
35928
35930
35932
35936
35940
35942
35944
35948
35952
35956
35960
35962
35964
35966
35970
35974
35976
35978
35980
35984
35988
35990
35992
35994
35882
35886
35888
35890
35894
35898
35900
35904
35908
35910
35912
35916
35920
35924
35928
35930
35932
35936
35940
35942
35944
35948
35952
35956
35960
35962
35964
35966
35970
35974
35976
35978
35980
35984
35988
35990
35992
35994
35996
36000
36002
36004
36008
36012
36014
36018
36022
36024
36026
36030
36032
36036
36040
36044
36046
36048
36050
36054
36056
36058
36060
36062
35832
35836
35838
35840
35844
35848
35852
35854
35858
35862
35864
35866
35870
35872
35876
35878
35880
35980
35984
35988
35990
35992
35994
35882
35886
35888
35890
35894
35898
35900
35904
35908
35910
35912
35916
35920
35924
35928
35930
35932
35936
35940
35942
35944
35948
35952
35956
35960
35962
35964
35966
35970
35974
35976
35978
35980
35984
35988
35990
35992
35994
35882
35886
35888
35890
35894
35898
35900
35904
35908
35910
35912
35916
35920
35924
35928
35930
35932
35936
35940
35942
35944
35948
35952
35956
35960
35962
35964
35966
35970
35974
35976
35978
35980
35984
35988
35990
35992
35994
35996
36000
36002
36004
36008
36012
36014
36018
36022
36024
36026
36030
36032
36036
36040
36044
36046
36048
36050
36054
36056
36058
36060
36062
35832
35836
35838
35840
35844
35848
35852
35854
35858
35862
35864
35866
35870
35872
35876
35878
35880
35980
35984
35988
35990
35992
35994
35882
35886
35888
35890
35894
35898
35900
35904
35908
35910
35912
35916
35920
35924
35928
35930
35932
35936
35940
35942
35944
35948
35952
35956
35960
35962
35964
35966
35970
35974
35976
35978
35980
35984
35988
35990
35992
35994
35882
35886
35888
35890
35894
35898
35900
35904
35908
35910
35912
35916
35920
35924
35928
35930
35932
35936
35940
35942
35944
35948
35952
35956
35960
35962
35964
35966
35970
35974
35976
35978
35980
35984
35988
35990
35992
35994
35996
36000
36002
36004
36008
36012
36014
36018
36022
36024
36026
36030
36032
36036
36040
36044
36046
36048
36050
36054
36056
36058
36060
36062
36064
36068
36072
36074
36076
36078
36082
36084
36086
36088
36090
35528
35532
35536
35538
35540
35542
35800
35804
35806
35808
35810
35812
35544
35548
35552
35556
35560
35562
35564
35568
35572
35574
35576
35580
35582
35586
35588
35590
35592
35596
35598
35600
35698
35702
35706
35708
35710
35712
35602
35606
35610
35614
35616
35618
35622
35626
35628
35630
35634
35638
35642
35646
35648
35650
35654
35658
35660
35662
35666
35670
35674
35678
35680
35682
35684
35688
35692
35694
35696
35698
35702
35706
35708
35710
35712
35602
35606
35610
35614
35616
35618
35622
35626
35628
35630
35634
35638
35642
35646
35648
35650
35654
35658
35660
35662
35666
35670
35674
35678
35680
35682
35684
35688
35692
35694
35696
35698
35702
35706
35708
35710
35712
35714
35718
35722
35726
35728
35730
35734
35736
35738
35742
35744
35746
36600
36602
36606
36610
36612
36614
36616
36620
36622
36624
36626
36628
37204
37206
37208
37210
37214
37218
35750
35752
35754
35758
35762
35766
35768
35770
35774
35778
35780
35782
35786
35790
35794
35796
35798
35800
35804
35806
35808
35810
35812
35544
35548
35552
35556
35560
35562
35564
35568
35572
35574
35576
35580
35582
35586
35588
35590
35592
35596
35598
35600
35698
35702
35706
35708
35710
35712
35602
35606
35610
35614
35616
35618
35622
35626
35628
35630
35634
35638
35642
35646
35648
35650
35654
35658
35660
35662
35666
35670
35674
35678
35680
35682
35684
35688
35692
35694
35696
35698
35702
35706
35708
35710
35712
35602
35606
35610
35614
35616
35618
35622
35626
35628
35630
35634
35638
35642
35646
35648
35650
35654
35658
35660
35662
35666
35670
35674
35678
35680
35682
35684
35688
35692
35694
35696
35698
35702
35706
35708
35710
35712
35714
35718
35722
35726
35728
35730
35734
35736
35738
35742
35744
35746
36600
36602
36606
36610
36612
36614
36616
36620
36622
36624
36626
36628
37204
37206
37208
37210
37214
37218
35750
35752
35754
35758
35762
35766
35768
35770
35774
35778
35780
35782
35786
35790
35794
35796
35798
35800
35804
35806
35808
35810
35812
35544
35548
35552
35556
35560
35562
35564
35568
35572
35574
35576
35580
35582
35586
35588
35590
35592
35596
35598
35600
35698
35702
35706
35708
35710
35712
35602
35606
35610
35614
35616
35618
35622
35626
35628
35630
35634
35638
35642
35646
35648
35650
35654
35658
35660
35662
35666
35670
35674
35678
35680
35682
35684
35688
35692
35694
35696
35698
35702
35706
35708
35710
35712
35602
35606
35610
35614
35616
35618
35622
35626
35628
35630
35634
35638
35642
35646
35648
35650
35654
35658
35660
35662
35666
35670
35674
35678
35680
35682
35684
35688
35692
35694
35696
35698
35702
35706
35708
35710
35712
35714
35718
35722
35726
35728
35730
35734
35736
35738
35742
35744
35746
36600
36602
36606
36610
36612
36614
36616
36620
36622
36624
36626
36628
37204
37206
37208
37210
37214
37218
35750
35752
35754
35758
35762
35766
35768
35770
35774
35778
35780
35782
35786
35790
35794
35796
35798
35800
35804
35806
35808
35810
35812
35816
35820
35824
35826
35828
35830
36050
36054
36056
36058
36060
36062
35832
35836
35838
35840
35844
35848
35852
35854
35858
35862
35864
35866
35870
35872
35876
35878
35880
35980
35984
35988
35990
35992
35994
35882
35886
35888
35890
35894
35898
35900
35904
35908
35910
35912
35916
35920
35924
35928
35930
35932
35936
35940
35942
35944
35948
35952
35956
35960
35962
35964
35966
35970
35974
35976
35978
35980
35984
35988
35990
35992
35994
35882
35886
35888
35890
35894
35898
35900
35904
35908
35910
35912
35916
35920
35924
35928
35930
35932
35936
35940
35942
35944
35948
35952
35956
35960
35962
35964
35966
35970
35974
35976
35978
35980
35984
35988
35990
35992
35994
35882
35886
35888
35890
35894
35898
35900
35904
35908
35910
35912
35916
35920
35924
35928
35930
35932
35936
35940
35942
35944
35948
35952
35956
35960
35962
35964
35966
35970
35974
35976
35978
35980
35984
35988
35990
35992
35994
35996
36000
36002
36004
36008
36012
36014
36018
36022
36024
36026
36030
36032
36036
36040
36044
36046
36048
36050
36054
36056
36058
36060
36062
35832
35836
35838
35840
35844
35848
35852
35854
35858
35862
35864
35866
35870
35872
35876
35878
35880
35980
35984
35988
35990
35992
35994
35882
35886
35888
35890
35894
35898
35900
35904
35908
35910
35912
35916
35920
35924
35928
35930
35932
35936
35940
35942
35944
35948
35952
35956
35960
35962
35964
35966
35970
35974
35976
35978
35980
35984
35988
35990
35992
35994
35882
35886
35888
35890
35894
35898
35900
35904
35908
35910
35912
35916
35920
35924
35928
35930
35932
35936
35940
35942
35944
35948
35952
35956
35960
35962
35964
35966
35970
35974
35976
35978
35980
35984
35988
35990
35992
35994
35882
35886
35888
35890
35894
35898
35900
35904
35908
35910
35912
35916
35920
35924
35928
35930
35932
35936
35940
35942
35944
35948
35952
35956
35960
35962
35964
35966
35970
35974
35976
35978
35980
35984
35988
35990
35992
35994
35996
36000
36002
36004
36008
36012
36014
36018
36022
36024
36026
36030
36032
36036
36040
36044
36046
36048
36050
36054
36056
36058
36060
36062
35832
35836
35838
35840
35844
35848
35852
35854
35858
35862
35864
35866
35870
35872
35876
35878
35880
35980
35984
35988
35990
35992
35994
35882
35886
35888
35890
35894
35898
35900
35904
35908
35910
35912
35916
35920
35924
35928
35930
35932
35936
35940
35942
35944
35948
35952
35956
35960
35962
35964
35966
35970
35974
35976
35978
35980
35984
35988
35990
35992
35994
35882
35886
35888
35890
35894
35898
35900
35904
35908
35910
35912
35916
35920
35924
35928
35930
35932
35936
35940
35942
35944
35948
35952
35956
35960
35962
35964
35966
35970
35974
35976
35978
35980
35984
35988
35990
35992
35994
35882
35886
35888
35890
35894
35898
35900
35904
35908
35910
35912
35916
35920
35924
35928
35930
35932
35936
35940
35942
35944
35948
35952
35956
35960
35962
35964
35966
35970
35974
35976
35978
35980
35984
35988
35990
35992
35994
35996
36000
36002
36004
36008
36012
36014
36018
36022
36024
36026
36030
36032
36036
36040
36044
36046
36048
36050
36054
36056
36058
36060
36062
36064
36068
36072
36074
36076
36078
36082
36084
36086
36088
36090
35528
35532
35536
35538
35540
35542
35800
35804
35806
35808
35810
35812
35544
35548
35552
35556
35560
35562
35564
35568
35572
35574
35576
35580
35582
35586
35588
35590
35592
35596
35598
35600
35698
35702
35706
35708
35710
35712
35602
35606
35610
35614
35616
35618
35622
35626
35628
35630
35634
35638
35642
35646
35648
35650
35654
35658
35660
35662
35666
35670
35674
35678
35680
35682
35684
35688
35692
35694
35696
35698
35702
35706
35708
35710
35712
35602
35606
35610
35614
35616
35618
35622
35626
35628
35630
35634
35638
35642
35646
35648
35650
35654
35658
35660
35662
35666
35670
35674
35678
35680
35682
35684
35688
35692
35694
35696
35698
35702
35706
35708
35710
35712
35602
35606
35610
35614
35616
35618
35622
35626
35628
35630
35634
35638
35642
35646
35648
35650
35654
35658
35660
35662
35666
35670
35674
35678
35680
35682
35684
35688
35692
35694
35696
35698
35702
35706
35708
35710
35712
35714
35718
35722
35726
35728
35730
35734
35736
35738
35742
35744
35746
36600
36602
36606
36610
36612
36614
36616
36620
36622
36624
36626
36628
37204
37206
37208
37210
37214
37218
35750
35752
35754
35758
35762
35766
35768
35770
35774
35778
35780
35782
35786
35790
35794
35796
35798
35800
35804
35806
35808
35810
35812
35544
35548
35552
35556
35560
35562
35564
35568
35572
35574
35576
35580
35582
35586
35588
35590
35592
35596
35598
35600
35698
35702
35706
35708
35710
35712
35602
35606
35610
35614
35616
35618
35622
35626
35628
35630
35634
35638
35642
35646
35648
35650
35654
35658
35660
35662
35666
35670
35674
35678
35680
35682
35684
35688
35692
35694
35696
35698
35702
35706
35708
35710
35712
35602
35606
35610
35614
35616
35618
35622
35626
35628
35630
35634
35638
35642
35646
35648
35650
35654
35658
35660
35662
35666
35670
35674
35678
35680
35682
35684
35688
35692
35694
35696
35698
35702
35706
35708
35710
35712
35602
35606
35610
35614
35616
35618
35622
35626
35628
35630
35634
35638
35642
35646
35648
35650
35654
35658
35660
35662
35666
35670
35674
35678
35680
35682
35684
35688
35692
35694
35696
35698
35702
35706
35708
35710
35712
35714
35718
35722
35726
35728
35730
35734
35736
35738
35742
35744
35746
36600
36602
36606
36610
36612
36614
36616
36620
36622
36624
36626
36628
37204
37206
37208
37210
37214
37218
35750
35752
35754
35758
35762
35766
35768
35770
35774
35778
35780
35782
35786
35790
35794
35796
35798
35800
35804
35806
35808
35810
35812
35816
35820
35824
35826
35828
35830
36050
36054
36056
36058
36060
36062
35832
35836
35838
35840
35844
35848
35852
35854
35858
35862
35864
35866
35870
35872
35876
35878
35880
35980
35984
35988
35990
35992
35994
35882
35886
35888
35890
35894
35898
35900
35904
35908
35910
35912
35916
35920
35924
35928
35930
35932
35936
35940
35942
35944
35948
35952
35956
35960
35962
35964
35966
35970
35974
35976
35978
35980
35984
35988
35990
35992
35994
35882
35886
35888
35890
35894
35898
35900
35904
35908
35910
35912
35916
35920
35924
35928
35930
35932
35936
35940
35942
35944
35948
35952
35956
35960
35962
35964
35966
35970
35974
35976
35978
35980
35984
35988
35990
35992
35994
35882
35886
35888
35890
35894
35898
35900
35904
35908
35910
35912
35916
35920
35924
35928
35930
35932
35936
35940
35942
35944
35948
35952
35956
35960
35962
35964
35966
35970
35974
35976
35978
35980
35984
35988
35990
35992
35994
35882
35886
35888
35890
35894
35898
35900
35904
35908
35910
35912
35916
35920
35924
35928
35930
35932
35936
35940
35942
35944
35948
35952
35956
35960
35962
35964
35966
35970
35974
35976
35978
35980
35984
35988
35990
35992
35994
35996
36000
36002
36004
36008
36012
36014
36018
36022
36024
36026
36030
36032
36036
36040
36044
36046
36048
36050
36054
36056
36058
36060
36062
35832
35836
35838
35840
35844
35848
35852
35854
35858
35862
35864
35866
35870
35872
35876
35878
35880
35980
35984
35988
35990
35992
35994
35882
35886
35888
35890
35894
35898
35900
35904
35908
35910
35912
35916
35920
35924
35928
35930
35932
35936
35940
35942
35944
35948
35952
35956
35960
35962
35964
35966
35970
35974
35976
35978
35980
35984
35988
35990
35992
35994
35882
35886
35888
35890
35894
35898
35900
35904
35908
35910
35912
35916
35920
35924
35928
35930
35932
35936
35940
35942
35944
35948
35952
35956
35960
35962
35964
35966
35970
35974
35976
35978
35980
35984
35988
35990
35992
35994
35882
35886
35888
35890
35894
35898
35900
35904
35908
35910
35912
35916
35920
35924
35928
35930
35932
35936
35940
35942
35944
35948
35952
35956
35960
35962
35964
35966
35970
35974
35976
35978
35980
35984
35988
35990
35992
35994
35882
35886
35888
35890
35894
35898
35900
35904
35908
35910
35912
35916
35920
35924
35928
35930
35932
35936
35940
35942
35944
35948
35952
35956
35960
35962
35964
35966
35970
35974
35976
35978
35980
35984
35988
35990
35992
35994
35996
36000
36002
36004
36008
36012
36014
36018
36022
36024
36026
36030
36032
36036
36040
36044
36046
36048
36050
36054
36056
36058
36060
36062
36064
36068
36072
36074
36076
36078
36082
36084
36086
36088
36090
35528
35532
35536
35538
35540
35542
35800
35804
35806
35808
35810
35812
35544
35548
35552
35556
35560
35562
35564
35568
35572
35574
35576
35580
35582
35586
35588
35590
35592
35596
35598
35600
35698
35702
35706
35708
35710
35712
35602
35606
35610
35614
35616
35618
35622
35626
35628
35630
35634
35638
35642
35646
35648
35650
35654
35658
35660
35662
35666
35670
35674
35678
35680
35682
35684
35688
35692
35694
35696
35698
35702
35706
35708
35710
35712
35602
35606
35610
35614
35616
35618
35622
35626
35628
35630
35634
35638
35642
35646
35648
35650
35654
35658
35660
35662
35666
35670
35674
35678
35680
35682
35684
35688
35692
35694
35696
35698
35702
35706
35708
35710
35712
35602
35606
35610
35614
35616
35618
35622
35626
35628
35630
35634
35638
35642
35646
35648
35650
35654
35658
35660
35662
35666
35670
35674
35678
35680
35682
35684
35688
35692
35694
35696
35698
35702
35706
35708
35710
35712
35602
35606
35610
35614
35616
35618
35622
35626
35628
35630
35634
35638
35642
35646
35648
35650
35654
35658
35660
35662
35666
35670
35674
35678
35680
35682
35684
35688
35692
35694
35696
35698
35702
35706
35708
35710
35712
35714
35718
35722
35726
35728
35730
35734
35736
35738
35742
35744
35746
36600
36602
36606
36610
36612
36614
36616
36620
36622
36624
36626
36628
37204
37206
37208
37210
37214
37218
35750
35752
35754
35758
35762
35766
35768
35770
35774
35778
35780
35782
35786
35790
35794
35796
35798
35800
35804
35806
35808
35810
35812
35816
35820
35824
35826
35828
35830
36050
36054
36056
36058
36060
36062
35832
35836
35838
35840
35844
35848
35852
35854
35858
35862
35864
35866
35870
35872
35876
35878
35880
35980
35984
35988
35990
35992
35994
35882
35886
35888
35890
35894
35898
35900
35904
35908
35910
35912
35916
35920
35924
35928
35930
35932
35936
35940
35942
35944
35948
35952
35956
35960
35962
35964
35966
35970
35974
35976
35978
35980
35984
35988
35990
35992
35994
35882
35886
35888
35890
35894
35898
35900
35904
35908
35910
35912
35916
35920
35924
35928
35930
35932
35936
35940
35942
35944
35948
35952
35956
35960
35962
35964
35966
35970
35974
35976
35978
35980
35984
35988
35990
35992
35994
35882
35886
35888
35890
35894
35898
35900
35904
35908
35910
35912
35916
35920
35924
35928
35930
35932
35936
35940
35942
35944
35948
35952
35956
35960
35962
35964
35966
35970
35974
35976
35978
35980
35984
35988
35990
35992
35994
35882
35886
35888
35890
35894
35898
35900
35904
35908
35910
35912
35916
35920
35924
35928
35930
35932
35936
35940
35942
35944
35948
35952
35956
35960
35962
35964
35966
35970
35974
35976
35978
35980
35984
35988
35990
35992
35994
35882
35886
35888
35890
35894
35898
35900
35904
35908
35910
35912
35916
35920
35924
35928
35930
35932
35936
35940
35942
35944
35948
35952
35956
35960
35962
35964
35966
35970
35974
35976
35978
35980
35984
35988
35990
35992
35994
35996
36000
36002
36004
36008
36012
36014
36018
36022
36024
36026
36030
36032
36036
36040
36044
36046
36048
36050
36054
36056
36058
36060
36062
36064
36068
36072
36074
36076
36078
36082
36084
36086
36088
36090
36094
36098
36102
36104
36108
36110
36114
36116
36118
36282
36286
36288
36290
36292
36294
36120
36124
36128
36132
36136
36138
36142
36144
36148
36150
36152
36232
36236
36240
36242
36244
36246
36154
36158
36162
36166
36168
36170
36174
36178
36180
36182
36186
36190
36194
36196
36200
36204
36208
36212
36214
36216
36218
36222
36226
36228
36230
36232
36236
36240
36242
36244
36246
36248
36252
36256
36258
36262
36264
36268
36272
36276
36278
36280
36282
36286
36288
36290
36292
36294
36120
36124
36128
36132
36136
36138
36142
36144
36148
36150
36152
36232
36236
36240
36242
36244
36246
36154
36158
36162
36166
36168
36170
36174
36178
36180
36182
36186
36190
36194
36196
36200
36204
36208
36212
36214
36216
36218
36222
36226
36228
36230
36232
36236
36240
36242
36244
36246
36154
36158
36162
36166
36168
36170
36174
36178
36180
36182
36186
36190
36194
36196
36200
36204
36208
36212
36214
36216
36218
36222
36226
36228
36230
36232
36236
36240
36242
36244
36246
36248
36252
36256
36258
36262
36264
36268
36272
36276
36278
36280
36282
36286
36288
36290
36292
36294
36120
36124
36128
36132
36136
36138
36142
36144
36148
36150
36152
36232
36236
36240
36242
36244
36246
36154
36158
36162
36166
36168
36170
36174
36178
36180
36182
36186
36190
36194
36196
36200
36204
36208
36212
36214
36216
36218
36222
36226
36228
36230
36232
36236
36240
36242
36244
36246
36154
36158
36162
36166
36168
36170
36174
36178
36180
36182
36186
36190
36194
36196
36200
36204
36208
36212
36214
36216
36218
36222
36226
36228
36230
36232
36236
36240
36242
36244
36246
36154
36158
36162
36166
36168
36170
36174
36178
36180
36182
36186
36190
36194
36196
36200
36204
36208
36212
36214
36216
36218
36222
36226
36228
36230
36232
36236
36240
36242
36244
36246
36248
36252
36256
36258
36262
36264
36268
36272
36276
36278
36280
36282
36286
36288
36290
36292
36294
36120
36124
36128
36132
36136
36138
36142
36144
36148
36150
36152
36232
36236
36240
36242
36244
36246
36154
36158
36162
36166
36168
36170
36174
36178
36180
36182
36186
36190
36194
36196
36200
36204
36208
36212
36214
36216
36218
36222
36226
36228
36230
36232
36236
36240
36242
36244
36246
36154
36158
36162
36166
36168
36170
36174
36178
36180
36182
36186
36190
36194
36196
36200
36204
36208
36212
36214
36216
36218
36222
36226
36228
36230
36232
36236
36240
36242
36244
36246
36154
36158
36162
36166
36168
36170
36174
36178
36180
36182
36186
36190
36194
36196
36200
36204
36208
36212
36214
36216
36218
36222
36226
36228
36230
36232
36236
36240
36242
36244
36246
36154
36158
36162
36166
36168
36170
36174
36178
36180
36182
36186
36190
36194
36196
36200
36204
36208
36212
36214
36216
36218
36222
36226
36228
36230
36232
36236
36240
36242
36244
36246
36248
36252
36256
36258
36262
36264
36268
36272
36276
36278
36280
36282
36286
36288
36290
36292
36294
36120
36124
36128
36132
36136
36138
36142
36144
36148
36150
36152
36232
36236
36240
36242
36244
36246
36154
36158
36162
36166
36168
36170
36174
36178
36180
36182
36186
36190
36194
36196
36200
36204
36208
36212
36214
36216
36218
36222
36226
36228
36230
36232
36236
36240
36242
36244
36246
36154
36158
36162
36166
36168
36170
36174
36178
36180
36182
36186
36190
36194
36196
36200
36204
36208
36212
36214
36216
36218
36222
36226
36228
36230
36232
36236
36240
36242
36244
36246
36154
36158
36162
36166
36168
36170
36174
36178
36180
36182
36186
36190
36194
36196
36200
36204
36208
36212
36214
36216
36218
36222
36226
36228
36230
36232
36236
36240
36242
36244
36246
36154
36158
36162
36166
36168
36170
36174
36178
36180
36182
36186
36190
36194
36196
36200
36204
36208
36212
36214
36216
36218
36222
36226
36228
36230
36232
36236
36240
36242
36244
36246
36154
36158
36162
36166
36168
36170
36174
36178
36180
36182
36186
36190
36194
36196
36200
36204
36208
36212
36214
36216
36218
36222
36226
36228
36230
36232
36236
36240
36242
36244
36246
36248
36252
36256
36258
36262
36264
36268
36272
36276
36278
36280
36282
36286
36288
36290
36292
36294
36296
36300
36302
36304
36308
36312
36316
36318
36320
36322
36326
36328
36330
36332
36334
36600
36602
36606
36610
36612
36614
36616
36620
36622
36624
36626
36628
36632
36634
36638
36642
36646
36650
36654
36656
36660
36664
37152
37156
37158
37162
37164
37168
37172
37174
37178
37180
37184
37188
37190
37192
36338
36340
36342
36346
36350
36352
36354
36358
36362
36364
36366
36368
36370
36576
36580
36582
36584
36372
36376
36380
36384
36386
36390
36392
36396
36400
36402
36404
36406
36490
36494
36496
36498
36500
36502
36408
36412
36416
36420
36422
36424
36428
36432
36434
36436
36440
36444
36448
36452
36454
36458
36462
36466
36470
36472
36474
36476
36480
36484
36486
36488
36490
36494
36496
36498
36500
36502
36504
36508
36512
36516
36518
36520
36524
36526
36528
36532
36534
36536
36600
36602
36606
36610
36612
36614
36616
36620
36622
36624
36626
36628
36632
36634
36638
36642
36646
36650
36654
36656
36660
36664
37152
37156
37158
37162
37164
37168
37172
37174
37178
37180
37184
37188
37190
37192
36540
36542
36544
36548
36552
36556
36558
36562
36566
36570
36572
36574
36576
36580
36582
36584
36372
36376
36380
36384
36386
36390
36392
36396
36400
36402
36404
36406
36490
36494
36496
36498
36500
36502
36408
36412
36416
36420
36422
36424
36428
36432
36434
36436
36440
36444
36448
36452
36454
36458
36462
36466
36470
36472
36474
36476
36480
36484
36486
36488
36490
36494
36496
36498
36500
36502
36408
36412
36416
36420
36422
36424
36428
36432
36434
36436
36440
36444
36448
36452
36454
36458
36462
36466
36470
36472
36474
36476
36480
36484
36486
36488
36490
36494
36496
36498
36500
36502
36504
36508
36512
36516
36518
36520
36524
36526
36528
36532
36534
36536
36600
36602
36606
36610
36612
36614
36616
36620
36622
36624
36626
36628
36632
36634
36638
36642
36646
36650
36654
36656
36660
36664
37168
37172
37174
37178
37180
37184
37188
37190
37192
36540
36542
36544
36548
36552
36556
36558
36562
36566
36570
36572
36574
36576
36580
36582
36584
36372
36376
36380
36384
36386
36390
36392
36396
36400
36402
36404
36406
36490
36494
36496
36498
36500
36502
36408
36412
36416
36420
36422
36424
36428
36432
36434
36436
36440
36444
36448
36452
36454
36458
36462
36466
36470
36472
36474
36476
36480
36484
36486
36488
36490
36494
36496
36498
36500
36502
36408
36412
36416
36420
36422
36424
36428
36432
36434
36436
36440
36444
36448
36452
36454
36458
36462
36466
36470
36472
36474
36476
36480
36484
36486
36488
36490
36494
36496
36498
36500
36502
36408
36412
36416
36420
36422
36424
36428
36432
36434
36436
36440
36444
36448
36452
36454
36458
36462
36466
36470
36472
36474
36476
36480
36484
36486
36488
36490
36494
36496
36498
36500
36502
36504
36508
36512
36516
36518
36520
36524
36526
36528
36532
36534
36536
36600
36602
36606
36610
36612
36614
36616
36620
36622
36624
36626
36628
37204
37206
37208
37210
37214
37218
36540
36542
36544
36548
36552
36556
36558
36562
36566
36570
36572
36574
36576
36580
36582
36584
36372
36376
36380
36384
36386
36390
36392
36396
36400
36402
36404
36406
36490
36494
36496
36498
36500
36502
36408
36412
36416
36420
36422
36424
36428
36432
36434
36436
36440
36444
36448
36452
36454
36458
36462
36466
36470
36472
36474
36476
36480
36484
36486
36488
36490
36494
36496
36498
36500
36502
36408
36412
36416
36420
36422
36424
36428
36432
36434
36436
36440
36444
36448
36452
36454
36458
36462
36466
36470
36472
36474
36476
36480
36484
36486
36488
36490
36494
36496
36498
36500
36502
36408
36412
36416
36420
36422
36424
36428
36432
36434
36436
36440
36444
36448
36452
36454
36458
36462
36466
36470
36472
36474
36476
36480
36484
36486
36488
36490
36494
36496
36498
36500
36502
36408
36412
36416
36420
36422
36424
36428
36432
36434
36436
36440
36444
36448
36452
36454
36458
36462
36466
36470
36472
36474
36476
36480
36484
36486
36488
36490
36494
36496
36498
36500
36502
36504
36508
36512
36516
36518
36520
36524
36526
36528
36532
36534
36536
36600
36602
36606
36610
36612
36614
36616
36620
36622
36624
36626
36628
37204
37206
37208
37210
37214
37218
36540
36542
36544
36548
36552
36556
36558
36562
36566
36570
36572
36574
36576
36580
36582
36584
36372
36376
36380
36384
36386
36390
36392
36396
36400
36402
36404
36406
36490
36494
36496
36498
36500
36502
36408
36412
36416
36420
36422
36424
36428
36432
36434
36436
36440
36444
36448
36452
36454
36458
36462
36466
36470
36472
36474
36476
36480
36484
36486
36488
36490
36494
36496
36498
36500
36502
36408
36412
36416
36420
36422
36424
36428
36432
36434
36436
36440
36444
36448
36452
36454
36458
36462
36466
36470
36472
36474
36476
36480
36484
36486
36488
36490
36494
36496
36498
36500
36502
36408
36412
36416
36420
36422
36424
36428
36432
36434
36436
36440
36444
36448
36452
36454
36458
36462
36466
36470
36472
36474
36476
36480
36484
36486
36488
36490
36494
36496
36498
36500
36502
36408
36412
36416
36420
36422
36424
36428
36432
36434
36436
36440
36444
36448
36452
36454
36458
36462
36466
36470
36472
36474
36476
36480
36484
36486
36488
36490
36494
36496
36498
36500
36502
36408
36412
36416
36420
36422
36424
36428
36432
36434
36436
36440
36444
36448
36452
36454
36458
36462
36466
36470
36472
36474
36476
36480
36484
36486
36488
36490
36494
36496
36498
36500
36502
36504
36508
36512
36516
36518
36520
36524
36526
36528
36532
36534
36536
36600
36602
36606
36610
36612
36614
36616
36620
36622
36624
36626
36628
37204
37206
37208
37210
37214
37218
36540
36542
36544
36548
36552
36556
36558
36562
36566
36570
36572
36574
36576
36580
36582
36584
36586
36588
36590
36594
36596
35494
35496
35498
35500
