3204447648
3204447652
3204447636
3204447640
3204447624
3204447624
3204447640
3204447632
3204447628
3204447628
3204447640
3204447624
3204447628
3204447624
3204447628
454224
3204447624
3204447628
3204447624
3204447628
454224
3204447624
3204447628
454224
3204447624
3204447628
454224
3204447632
3204447632
3204447628
3204447628
3204447628
3204447640
3204447624
3204447628
3204447624
3204447628
454228
3204447624
3204447628
3204447624
3204447628
454228
3204447632
3204447632
3204447628
3204447628
3204447628
3204447640
3204447624
3204447628
3204447624
3204447628
454232
3204447624
3204447628
3204447624
3204447628
454232
3204447632
3204447632
3204447628
3204447628
3204447628
3204447640
3204447624
3204447628
3204447624
3204447628
454236
3204447624
3204447628
3204447624
3204447628
454236
3204447632
3204447632
3204447628
3204447628
3204447628
3204447640
3204447624
3204447628
3204447624
3204447628
454240
3204447624
3204447628
3204447624
3204447628
454240
3204447632
3204447632
3204447628
3204447628
3204447628
3204447640
3204447624
3204447628
3204447624
3204447628
454244
3204447624
3204447628
3204447624
3204447628
454244
3204447632
3204447632
3204447628
3204447628
3204447628
3204447640
3204447624
3204447632
453824
3204447624
3204447624
3204447624
3204447640
3204447632
3204447628
3204447628
3204447640
3204447624
3204447628
3204447624
3204447628
454424
3204447624
3204447628
3204447624
3204447628
454424
3204447632
3204447632
3204447628
3204447628
3204447628
3204447640
3204447624
3204447628
3204447624
3204447628
454428
3204447624
3204447628
3204447624
3204447628
454428
3204447624
3204447628
454428
3204447624
3204447628
454428
3204447632
3204447632
3204447628
3204447628
3204447628
3204447640
3204447624
3204447628
3204447624
3204447628
454432
3204447624
3204447628
3204447624
3204447628
454432
3204447632
3204447632
3204447628
3204447628
3204447628
3204447640
3204447624
3204447628
3204447624
3204447628
454436
3204447624
3204447628
3204447624
3204447628
454436
3204447632
3204447632
3204447628
3204447628
3204447628
3204447640
3204447624
3204447628
3204447624
3204447628
454440
3204447624
3204447628
3204447624
3204447628
454440
3204447632
3204447632
3204447628
3204447628
3204447628
3204447640
3204447624
3204447628
3204447624
3204447628
454444
3204447624
3204447628
3204447624
3204447628
454444
3204447632
3204447632
3204447628
3204447628
3204447628
3204447640
3204447624
3204447632
453828
3204447624
3204447624
3204447624
3204447640
3204447632
3204447628
3204447628
3204447640
3204447624
3204447628
3204447624
3204447628
454624
3204447624
3204447628
3204447624
3204447628
454624
3204447632
3204447632
3204447628
3204447628
3204447628
3204447640
3204447624
3204447628
3204447624
3204447628
454628
3204447624
3204447628
3204447624
3204447628
454628
3204447632
3204447632
3204447628
3204447628
3204447628
3204447640
3204447624
3204447628
3204447624
3204447628
454632
3204447624
3204447628
3204447624
3204447628
454632
3204447624
3204447628
454632
3204447624
3204447628
454632
3204447632
3204447632
3204447628
3204447628
3204447628
3204447640
3204447624
3204447628
3204447624
3204447628
454636
3204447624
3204447628
3204447624
3204447628
454636
3204447632
3204447632
3204447628
3204447628
3204447628
3204447640
3204447624
3204447628
3204447624
3204447628
454640
3204447624
3204447628
3204447624
3204447628
454640
3204447632
3204447632
3204447628
3204447628
3204447628
3204447640
3204447624
3204447628
3204447624
3204447628
454644
3204447624
3204447628
3204447624
3204447628
454644
3204447632
3204447632
3204447628
3204447628
3204447628
3204447640
3204447624
3204447632
453832
3204447624
3204447624
3204447624
3204447640
3204447632
3204447628
3204447628
3204447640
3204447624
3204447628
3204447624
3204447628
454824
3204447624
3204447628
3204447624
3204447628
454824
3204447632
3204447632
3204447628
3204447628
3204447628
3204447640
3204447624
3204447628
3204447624
3204447628
454828
3204447624
3204447628
3204447624
3204447628
454828
3204447632
3204447632
3204447628
3204447628
3204447628
3204447640
3204447624
3204447628
3204447624
3204447628
454832
3204447624
3204447628
3204447624
3204447628
454832
3204447632
3204447632
3204447628
3204447628
3204447628
3204447640
3204447624
3204447628
3204447624
3204447628
454836
3204447624
3204447628
3204447624
3204447628
454836
3204447624
3204447628
454836
3204447624
3204447628
454836
3204447632
3204447632
3204447628
3204447628
3204447628
3204447640
3204447624
3204447628
3204447624
3204447628
454840
3204447624
3204447628
3204447624
3204447628
454840
3204447632
3204447632
3204447628
3204447628
3204447628
3204447640
3204447624
3204447628
3204447624
3204447628
454844
3204447624
3204447628
3204447624
3204447628
454844
3204447632
3204447632
3204447628
3204447628
3204447628
3204447640
3204447624
3204447632
453836
3204447624
3204447624
3204447624
3204447640
3204447632
3204447628
3204447628
3204447640
3204447624
3204447628
3204447624
3204447628
455024
3204447624
3204447628
3204447624
3204447628
455024
3204447632
3204447632
3204447628
3204447628
3204447628
3204447640
3204447624
3204447628
3204447624
3204447628
455028
3204447624
3204447628
3204447624
3204447628
455028
3204447632
3204447632
3204447628
3204447628
3204447628
3204447640
3204447624
3204447628
3204447624
3204447628
455032
3204447624
3204447628
3204447624
3204447628
455032
3204447632
3204447632
3204447628
3204447628
3204447628
3204447640
3204447624
3204447628
3204447624
3204447628
455036
3204447624
3204447628
3204447624
3204447628
455036
3204447632
3204447632
3204447628
3204447628
3204447628
3204447640
3204447624
3204447628
3204447624
3204447628
455040
3204447624
3204447628
3204447624
3204447628
455040
3204447624
3204447628
455040
3204447624
3204447628
455040
3204447632
3204447632
3204447628
3204447628
3204447628
3204447640
3204447624
3204447628
3204447624
3204447628
455044
3204447624
3204447628
3204447624
3204447628
455044
3204447632
3204447632
3204447628
3204447628
3204447628
3204447640
3204447624
3204447632
453840
3204447624
3204447624
3204447624
3204447640
3204447632
3204447628
3204447628
3204447640
3204447624
3204447628
3204447624
3204447628
455224
3204447624
3204447628
3204447624
3204447628
455224
3204447632
3204447632
3204447628
3204447628
3204447628
3204447640
3204447624
3204447628
3204447624
3204447628
455228
3204447624
3204447628
3204447624
3204447628
455228
3204447632
3204447632
3204447628
3204447628
3204447628
3204447640
3204447624
3204447628
3204447624
3204447628
455232
3204447624
3204447628
3204447624
3204447628
455232
3204447632
3204447632
3204447628
3204447628
3204447628
3204447640
3204447624
3204447628
3204447624
3204447628
455236
3204447624
3204447628
3204447624
3204447628
455236
3204447632
3204447632
3204447628
3204447628
3204447628
3204447640
3204447624
3204447628
3204447624
3204447628
455240
3204447624
3204447628
3204447624
3204447628
455240
3204447632
3204447632
3204447628
3204447628
3204447628
3204447640
3204447624
3204447628
3204447624
3204447628
455244
3204447624
3204447628
3204447624
3204447628
455244
3204447624
3204447628
455244
3204447624
3204447628
455244
3204447632
3204447632
3204447628
3204447628
3204447628
3204447640
3204447624
3204447632
453844
3204447624
3204447624
3204447624
3204447640
3204447636
3204447640
3204447616
3204447620
3204447196
3204447192
3204447200
3204447200
3204447192
3204447200
3204447204
3204447204
3204447192
3204447204
3204447200
454424
3204447212
3204447200
3204447200
454224
3204447212
3204447204
3204447200
454424
3204447204
3204447204
3204447204
3204447192
3204447204
3204447200
454624
3204447212
3204447200
3204447200
454224
3204447212
3204447204
3204447200
454624
3204447204
3204447204
3204447204
3204447192
3204447204
3204447200
454824
3204447212
3204447200
3204447200
454224
3204447212
3204447204
3204447200
454824
3204447204
3204447204
3204447204
3204447192
3204447204
3204447200
455024
3204447212
3204447200
3204447200
454224
3204447212
3204447204
3204447200
455024
3204447204
3204447204
3204447204
3204447192
3204447204
3204447200
455224
3204447212
3204447200
3204447200
454224
3204447212
3204447204
3204447200
455224
3204447204
3204447204
3204447204
3204447192
3204447200
3204447204
3204447204
3204447192
3204447200
3204447204
454428
3204447212
3204447208
3204447208
3204447200
3204447200
3204447208
454424
3204447208
3204447204
454228
3204447212
3204447212
3204447208
3204447208
3204447208
3204447200
3204447200
3204447204
3204447212
454428
3204447204
3204447204
3204447204
3204447192
3204447200
3204447204
454432
3204447212
3204447208
3204447208
3204447200
3204447200
3204447208
454424
3204447208
3204447204
454232
3204447212
3204447212
3204447208
3204447208
3204447208
3204447200
3204447200
3204447204
3204447212
454432
3204447204
3204447204
3204447204
3204447192
3204447200
3204447204
454436
3204447212
3204447208
3204447208
3204447200
3204447200
3204447208
454424
3204447208
3204447204
454236
3204447212
3204447212
3204447208
3204447208
3204447208
3204447200
3204447200
3204447204
3204447212
454436
3204447204
3204447204
3204447204
3204447192
3204447200
3204447204
454440
3204447212
3204447208
3204447208
3204447200
3204447200
3204447208
454424
3204447208
3204447204
454240
3204447212
3204447212
3204447208
3204447208
3204447208
3204447200
3204447200
3204447204
3204447212
454440
3204447204
3204447204
3204447204
3204447192
3204447200
3204447204
454444
3204447212
3204447208
3204447208
3204447200
3204447200
3204447208
454424
3204447208
3204447204
454244
3204447212
3204447212
3204447208
3204447208
3204447208
3204447200
3204447200
3204447204
3204447212
454444
3204447204
3204447204
3204447204
3204447192
3204447200
3204447200
3204447200
3204447192
3204447200
3204447204
3204447204
3204447192
3204447204
3204447200
454628
3204447212
3204447200
3204447208
3204447208
3204447200
3204447204
3204447208
454624
3204447208
3204447200
454228
3204447212
3204447212
3204447208
3204447208
3204447208
3204447200
3204447200
454428
3204447212
3204447204
3204447200
454628
3204447204
3204447204
3204447204
3204447192
3204447204
3204447200
454828
3204447212
3204447200
3204447208
3204447208
3204447200
3204447204
3204447208
454824
3204447208
3204447200
454228
3204447212
3204447212
3204447208
3204447208
3204447208
3204447200
3204447200
454428
3204447212
3204447204
3204447200
454828
3204447204
3204447204
3204447204
3204447192
3204447204
3204447200
455028
3204447212
3204447200
3204447208
3204447208
3204447200
3204447204
3204447208
455024
3204447208
3204447200
454228
3204447212
3204447212
3204447208
3204447208
3204447208
3204447200
3204447200
454428
3204447212
3204447204
3204447200
455028
3204447204
3204447204
3204447204
3204447192
3204447204
3204447200
455228
3204447212
3204447200
3204447208
3204447208
3204447200
3204447204
3204447208
455224
3204447208
3204447200
454228
3204447212
3204447212
3204447208
3204447208
3204447208
3204447200
3204447200
454428
3204447212
3204447204
3204447200
455228
3204447204
3204447204
3204447204
3204447192
3204447200
3204447204
3204447204
3204447192
3204447200
3204447204
454632
3204447212
3204447208
3204447208
3204447200
3204447200
3204447208
454624
3204447208
3204447204
454232
3204447212
3204447212
3204447208
3204447208
3204447208
3204447200
3204447200
3204447208
454628
3204447208
3204447204
454432
3204447212
3204447212
3204447208
3204447208
3204447208
3204447200
3204447200
3204447204
3204447212
454632
3204447204
3204447204
3204447204
3204447192
3204447200
3204447204
454636
3204447212
3204447208
3204447208
3204447200
3204447200
3204447208
454624
3204447208
3204447204
454236
3204447212
3204447212
3204447208
3204447208
3204447208
3204447200
3204447200
3204447208
454628
3204447208
3204447204
454436
3204447212
3204447212
3204447208
3204447208
3204447208
3204447200
3204447200
3204447204
3204447212
454636
3204447204
3204447204
3204447204
3204447192
3204447200
3204447204
454640
3204447212
3204447208
3204447208
3204447200
3204447200
3204447208
454624
3204447208
3204447204
454240
3204447212
3204447212
3204447208
3204447208
3204447208
3204447200
3204447200
3204447208
454628
3204447208
3204447204
454440
3204447212
3204447212
3204447208
3204447208
3204447208
3204447200
3204447200
3204447204
3204447212
454640
3204447204
3204447204
3204447204
3204447192
3204447200
3204447204
454644
3204447212
3204447208
3204447208
3204447200
3204447200
3204447208
454624
3204447208
3204447204
454244
3204447212
3204447212
3204447208
3204447208
3204447208
3204447200
3204447200
3204447208
454628
3204447208
3204447204
454444
3204447212
3204447212
3204447208
3204447208
3204447208
3204447200
3204447200
3204447204
3204447212
454644
3204447204
3204447204
3204447204
3204447192
3204447200
3204447200
3204447200
3204447192
3204447200
3204447204
3204447204
3204447192
3204447204
3204447200
454832
3204447212
3204447200
3204447208
3204447208
3204447200
3204447204
3204447208
454824
3204447208
3204447200
454232
3204447212
3204447212
3204447208
3204447208
3204447208
3204447200
3204447204
3204447208
454828
3204447208
3204447200
454432
3204447212
3204447212
3204447208
3204447208
3204447208
3204447200
3204447200
454632
3204447212
3204447204
3204447200
454832
3204447204
3204447204
3204447204
3204447192
3204447204
3204447200
455032
3204447212
3204447200
3204447208
3204447208
3204447200
3204447204
3204447208
455024
3204447208
3204447200
454232
3204447212
3204447212
3204447208
3204447208
3204447208
3204447200
3204447204
3204447208
455028
3204447208
3204447200
454432
3204447212
3204447212
3204447208
3204447208
3204447208
3204447200
3204447200
454632
3204447212
3204447204
3204447200
455032
3204447204
3204447204
3204447204
3204447192
3204447204
3204447200
455232
3204447212
3204447200
3204447208
3204447208
3204447200
3204447204
3204447208
455224
3204447208
3204447200
454232
3204447212
3204447212
3204447208
3204447208
3204447208
3204447200
3204447204
3204447208
455228
3204447208
3204447200
454432
3204447212
3204447212
3204447208
3204447208
3204447208
3204447200
3204447200
454632
3204447212
3204447204
3204447200
455232
3204447204
3204447204
3204447204
3204447192
3204447200
3204447204
3204447204
3204447192
3204447200
3204447204
454836
3204447212
3204447208
3204447208
3204447200
3204447200
3204447208
454824
3204447208
3204447204
454236
3204447212
3204447212
3204447208
3204447208
3204447208
3204447200
3204447200
3204447208
454828
3204447208
3204447204
454436
3204447212
3204447212
3204447208
3204447208
3204447208
3204447200
3204447200
3204447208
454832
3204447208
3204447204
454636
3204447212
3204447212
3204447208
3204447208
3204447208
3204447200
3204447200
3204447204
3204447212
454836
3204447204
3204447204
3204447204
3204447192
3204447200
3204447204
454840
3204447212
3204447208
3204447208
3204447200
3204447200
3204447208
454824
3204447208
3204447204
454240
3204447212
3204447212
3204447208
3204447208
3204447208
3204447200
3204447200
3204447208
454828
3204447208
3204447204
454440
3204447212
3204447212
3204447208
3204447208
3204447208
3204447200
3204447200
3204447208
454832
3204447208
3204447204
454640
3204447212
3204447212
3204447208
3204447208
3204447208
3204447200
3204447200
3204447204
3204447212
454840
3204447204
3204447204
3204447204
3204447192
3204447200
3204447204
454844
3204447212
3204447208
3204447208
3204447200
3204447200
3204447208
454824
3204447208
3204447204
454244
3204447212
3204447212
3204447208
3204447208
3204447208
3204447200
3204447200
3204447208
454828
3204447208
3204447204
454444
3204447212
3204447212
3204447208
3204447208
3204447208
3204447200
3204447200
3204447208
454832
3204447208
3204447204
454644
3204447212
3204447212
3204447208
3204447208
3204447208
3204447200
3204447200
3204447204
3204447212
454844
3204447204
3204447204
3204447204
3204447192
3204447200
3204447200
3204447200
3204447192
3204447200
3204447204
3204447204
3204447192
3204447204
3204447200
455036
3204447212
3204447200
3204447208
3204447208
3204447200
3204447204
3204447208
455024
3204447208
3204447200
454236
3204447212
3204447212
3204447208
3204447208
3204447208
3204447200
3204447204
3204447208
455028
3204447208
3204447200
454436
3204447212
3204447212
3204447208
3204447208
3204447208
3204447200
3204447204
3204447208
455032
3204447208
3204447200
454636
3204447212
3204447212
3204447208
3204447208
3204447208
3204447200
3204447200
454836
3204447212
3204447204
3204447200
455036
3204447204
3204447204
3204447204
3204447192
3204447204
3204447200
455236
3204447212
3204447200
3204447208
3204447208
3204447200
3204447204
3204447208
455224
3204447208
3204447200
454236
3204447212
3204447212
3204447208
3204447208
3204447208
3204447200
3204447204
3204447208
455228
3204447208
3204447200
454436
3204447212
3204447212
3204447208
3204447208
3204447208
3204447200
3204447204
3204447208
455232
3204447208
3204447200
454636
3204447212
3204447212
3204447208
3204447208
3204447208
3204447200
3204447200
454836
3204447212
3204447204
3204447200
455236
3204447204
3204447204
3204447204
3204447192
3204447200
3204447204
3204447204
3204447192
3204447200
3204447204
455040
3204447212
3204447208
3204447208
3204447200
3204447200
3204447208
455024
3204447208
3204447204
454240
3204447212
3204447212
3204447208
3204447208
3204447208
3204447200
3204447200
3204447208
455028
3204447208
3204447204
454440
3204447212
3204447212
3204447208
3204447208
3204447208
3204447200
3204447200
3204447208
455032
3204447208
3204447204
454640
3204447212
3204447212
3204447208
3204447208
3204447208
3204447200
3204447200
3204447208
455036
3204447208
3204447204
454840
3204447212
3204447212
3204447208
3204447208
3204447208
3204447200
3204447200
3204447204
3204447212
455040
3204447204
3204447204
3204447204
3204447192
3204447200
3204447204
455044
3204447212
3204447208
3204447208
3204447200
3204447200
3204447208
455024
3204447208
3204447204
454244
3204447212
3204447212
3204447208
3204447208
3204447208
3204447200
3204447200
3204447208
455028
3204447208
3204447204
454444
3204447212
3204447212
3204447208
3204447208
3204447208
3204447200
3204447200
3204447208
455032
3204447208
3204447204
454644
3204447212
3204447212
3204447208
3204447208
3204447208
3204447200
3204447200
3204447208
455036
3204447208
3204447204
454844
3204447212
3204447212
3204447208
3204447208
3204447208
3204447200
3204447200
3204447204
3204447212
455044
3204447204
3204447204
3204447204
3204447192
3204447200
3204447200
3204447200
3204447192
3204447200
3204447204
3204447204
3204447192
3204447204
3204447200
455240
3204447212
3204447200
3204447208
3204447208
3204447200
3204447204
3204447208
455224
3204447208
3204447200
454240
3204447212
3204447212
3204447208
3204447208
3204447208
3204447200
3204447204
3204447208
455228
3204447208
3204447200
454440
3204447212
3204447212
3204447208
3204447208
3204447208
3204447200
3204447204
3204447208
455232
3204447208
3204447200
454640
3204447212
3204447212
3204447208
3204447208
3204447208
3204447200
3204447204
3204447208
455236
3204447208
3204447200
454840
3204447212
3204447212
3204447208
3204447208
3204447208
3204447200
3204447200
455040
3204447212
3204447204
3204447200
455240
3204447204
3204447204
3204447204
3204447192
3204447200
3204447204
3204447204
3204447192
3204447200
3204447204
455244
3204447212
3204447208
3204447208
3204447200
3204447200
3204447208
455224
3204447208
3204447204
454244
3204447212
3204447212
3204447208
3204447208
3204447208
3204447200
3204447200
3204447208
455228
3204447208
3204447204
454444
3204447212
3204447212
3204447208
3204447208
3204447208
3204447200
3204447200
3204447208
455232
3204447208
3204447204
454644
3204447212
3204447212
3204447208
3204447208
3204447208
3204447200
3204447200
3204447208
455236
3204447208
3204447204
454844
3204447212
3204447212
3204447208
3204447208
3204447208
3204447200
3204447200
3204447208
455240
3204447208
3204447204
455044
3204447212
3204447212
3204447208
3204447208
3204447208
3204447200
3204447200
3204447204
3204447212
455244
3204447204
3204447204
3204447204
3204447192
3204447200
3204447200
3204447200
3204447192
453824
3204447216
3204447200
3204447200
3204447192
3204447200
453828
3204447212
3204447204
3204447204
3204447200
3204447200
3204447204
454424
3204447204
3204447216
3204447212
3204447212
3204447204
3204447204
3204447204
3204447200
3204447200
3204447212
3204447220
3204447200
3204447200
3204447200
3204447192
3204447200
453832
3204447212
3204447204
3204447204
3204447200
3204447200
3204447204
454624
3204447204
3204447216
3204447212
3204447212
3204447204
3204447204
3204447204
3204447200
3204447200
3204447204
454628
3204447204
3204447220
3204447212
3204447212
3204447204
3204447204
3204447204
3204447200
3204447200
3204447212
3204447224
3204447200
3204447200
3204447200
3204447192
3204447200
453836
3204447212
3204447204
3204447204
3204447200
3204447200
3204447204
454824
3204447204
3204447216
3204447212
3204447212
3204447204
3204447204
3204447204
3204447200
3204447200
3204447204
454828
3204447204
3204447220
3204447212
3204447212
3204447204
3204447204
3204447204
3204447200
3204447200
3204447204
454832
3204447204
3204447224
3204447212
3204447212
3204447204
3204447204
3204447204
3204447200
3204447200
3204447212
3204447228
3204447200
3204447200
3204447200
3204447192
3204447200
453840
3204447212
3204447204
3204447204
3204447200
3204447200
3204447204
455024
3204447204
3204447216
3204447212
3204447212
3204447204
3204447204
3204447204
3204447200
3204447200
3204447204
455028
3204447204
3204447220
3204447212
3204447212
3204447204
3204447204
3204447204
3204447200
3204447200
3204447204
455032
3204447204
3204447224
3204447212
3204447212
3204447204
3204447204
3204447204
3204447200
3204447200
3204447204
455036
3204447204
3204447228
3204447212
3204447212
3204447204
3204447204
3204447204
3204447200
3204447200
3204447212
3204447232
3204447200
3204447200
3204447200
3204447192
3204447200
453844
3204447212
3204447204
3204447204
3204447200
3204447200
3204447204
455224
3204447204
3204447216
3204447212
3204447212
3204447204
3204447204
3204447204
3204447200
3204447200
3204447204
455228
3204447204
3204447220
3204447212
3204447212
3204447204
3204447204
3204447204
3204447200
3204447200
3204447204
455232
3204447204
3204447224
3204447212
3204447212
3204447204
3204447204
3204447204
3204447200
3204447200
3204447204
455236
3204447204
3204447228
3204447212
3204447212
3204447204
3204447204
3204447204
3204447200
3204447200
3204447204
455240
3204447204
3204447232
3204447212
3204447212
3204447204
3204447204
3204447204
3204447200
3204447200
3204447212
3204447236
3204447200
3204447200
3204447200
3204447192
3204447192
3204447236
3204447192
455244
3204447192
454044
3204447192
3204447200
3204447200
3204447200
3204447232
3204447212
3204447200
3204447204
3204447204
3204447192
3204447200
3204447204
455044
3204447204
454044
3204447212
3204447212
3204447204
3204447204
3204447204
3204447192
3204447200
455040
3204447212
3204447200
454040
3204447200
3204447200
3204447200
3204447200
3204447228
3204447212
3204447200
3204447204
3204447204
3204447192
3204447200
3204447204
454840
3204447204
454040
3204447212
3204447212
3204447204
3204447204
3204447204
3204447192
3204447200
3204447204
454844
3204447204
454044
3204447212
3204447212
3204447204
3204447204
3204447204
3204447192
3204447200
454836
3204447212
3204447200
454036
3204447200
3204447200
3204447200
3204447200
3204447224
3204447212
3204447200
3204447204
3204447204
3204447192
3204447200
3204447204
454636
3204447204
454036
3204447212
3204447212
3204447204
3204447204
3204447204
3204447192
3204447200
3204447204
454640
3204447204
454040
3204447212
3204447212
3204447204
3204447204
3204447204
3204447192
3204447200
3204447204
454644
3204447204
454044
3204447212
3204447212
3204447204
3204447204
3204447204
3204447192
3204447200
454632
3204447212
3204447200
454032
3204447200
3204447200
3204447200
3204447200
3204447220
3204447212
3204447200
3204447204
3204447204
3204447192
3204447200
3204447204
454432
3204447204
454032
3204447212
3204447212
3204447204
3204447204
3204447204
3204447192
3204447200
3204447204
454436
3204447204
454036
3204447212
3204447212
3204447204
3204447204
3204447204
3204447192
3204447200
3204447204
454440
3204447204
454040
3204447212
3204447212
3204447204
3204447204
3204447204
3204447192
3204447200
3204447204
454444
3204447204
454044
3204447212
3204447212
3204447204
3204447204
3204447204
3204447192
3204447200
454428
3204447212
3204447200
454028
3204447200
3204447200
3204447200
3204447200
3204447216
3204447212
3204447200
3204447204
3204447204
3204447192
3204447200
3204447204
454228
3204447204
454028
3204447212
3204447212
3204447204
3204447204
3204447204
3204447192
3204447200
3204447204
454232
3204447204
454032
3204447212
3204447212
3204447204
3204447204
3204447204
3204447192
3204447200
3204447204
454236
3204447204
454036
3204447212
3204447212
3204447204
3204447204
3204447204
3204447192
3204447200
3204447204
454240
3204447204
454040
3204447212
3204447212
3204447204
3204447204
3204447204
3204447192
3204447200
3204447204
454244
3204447204
454044
3204447212
3204447212
3204447204
3204447204
3204447204
3204447192
3204447200
454224
3204447212
3204447200
454024
3204447200
3204447200
3204447200
3204447616
3204447644
3204447648
